3 0 1 903 818 176 749 -1 -1 -1 -1 
3 0 2 377 830 281 791 -1 -1 -1 -1 
3 0 3 571 1552 129 155 -1 -1 -1 -1 
4 0 1 929 809 150 764 -1 -1 -1 -1 
4 0 2 386 836 327 867 -1 -1 -1 -1 
4 0 3 588 1558 131 159 -1 -1 -1 -1 
5 0 1 955 808 123 791 -1 -1 -1 -1 
5 0 2 392 833 315 802 -1 -1 -1 -1 
5 0 3 601 1558 132 161 -1 -1 -1 -1 
6 0 1 973 796 106 731 -1 -1 -1 -1 
6 0 2 396 830 313 817 -1 -1 -1 -1 
6 0 3 614 1561 136 163 -1 -1 -1 -1 
7 0 1 985 803 94 712 -1 -1 -1 -1 
7 0 2 396 842 372 861 -1 -1 -1 -1 
7 0 3 629 1563 138 149 -1 -1 -1 -1 
8 0 1 995 801 84 707 -1 -1 -1 -1 
8 0 2 546 821 253 894 -1 -1 -1 -1 
8 0 3 643 1565 138 148 -1 -1 -1 -1 
9 0 1 998 801 81 712 -1 -1 -1 -1 
9 0 2 422 827 417 809 -1 -1 -1 -1 
9 0 3 654 1570 140 167 -1 -1 -1 -1 
10 0 1 1001 797 78 725 -1 -1 -1 -1 
10 0 2 549 815 284 918 -1 -1 -1 -1 
10 0 3 664 1572 139 170 -1 -1 -1 -1 
10 0 6 393 876 206 652 -1 -1 -1 -1 
11 0 1 1006 801 72 697 -1 -1 -1 -1 
11 0 2 560 813 295 925 -1 -1 -1 -1 
11 0 3 674 1575 142 173 -1 -1 -1 -1 
11 0 6 391 881 193 637 -1 -1 -1 -1 
12 0 1 1013 801 65 686 -1 -1 -1 -1 
12 0 2 550 808 328 936 -1 -1 -1 -1 
12 0 3 688 1574 141 179 -1 -1 -1 -1 
12 0 6 387 883 196 622 -1 -1 -1 -1 
13 0 1 1022 800 57 681 -1 -1 -1 -1 
13 0 2 556 809 342 941 -1 -1 -1 -1 
13 0 3 697 1580 146 177 -1 -1 -1 -1 
14 0 2 554 804 396 950 -1 -1 -1 -1 
14 0 3 708 1583 149 178 -1 -1 -1 -1 
15 0 2 554 797 422 964 -1 -1 -1 -1 
15 0 6 374 888 206 610 -1 -1 -1 -1 
16 0 2 555 795 387 966 -1 -1 -1 -1 
16 0 3 734 1595 150 175 -1 -1 -1 -1 
16 0 6 372 894 211 611 -1 -1 -1 -1 
17 0 2 555 790 408 982 -1 -1 -1 -1 
17 0 3 747 1600 150 179 -1 -1 -1 -1 
17 0 6 366 891 221 599 -1 -1 -1 -1 
18 0 2 557 788 419 1001 -1 -1 -1 -1 
18 0 3 759 1603 152 181 -1 -1 -1 -1 
19 0 2 565 790 409 1024 -1 -1 -1 -1 
19 0 6 358 898 204 602 -1 -1 -1 -1 
20 0 2 578 789 390 1026 -1 -1 -1 -1 
20 0 6 354 893 207 599 -1 -1 -1 -1 
21 0 2 589 786 395 1035 -1 -1 -1 -1 
21 0 3 809 1645 165 181 -1 -1 -1 -1 
21 0 6 349 897 228 597 -1 -1 -1 -1 
22 0 2 604 789 386 1038 -1 -1 -1 -1 
22 0 3 823 1652 166 181 -1 -1 -1 -1 
23 0 2 617 790 388 1060 -1 -1 -1 -1 
23 0 6 339 890 236 564 -1 -1 -1 -1 
24 0 2 645 788 366 1066 -1 -1 -1 -1 
24 0 6 331 898 265 576 -1 -1 -1 -1 
25 0 2 671 793 356 1070 -1 -1 -1 -1 
25 0 6 327 898 259 574 -1 -1 -1 -1 
26 0 2 699 791 340 1077 -1 -1 -1 -1 
26 0 6 321 898 266 572 -1 -1 -1 -1 
27 0 2 722 794 342 1095 -1 -1 -1 -1 
27 0 6 315 894 273 572 -1 -1 -1 -1 
28 0 2 759 795 316 1112 -1 -1 -1 -1 
28 0 3 910 1698 168 215 -1 -1 -1 -1 
28 0 6 309 893 272 568 -1 -1 -1 -1 
29 0 2 793 792 286 1107 -1 -1 -1 -1 
29 0 3 924 1705 155 214 -1 -1 -1 -1 
30 0 2 806 791 273 1042 -1 -1 -1 -1 
30 0 3 933 1701 146 191 -1 -1 -1 -1 
30 0 6 302 901 282 545 -1 -1 -1 -1 
31 0 2 812 784 267 1078 -1 -1 -1 -1 
31 0 3 946 1706 133 193 -1 -1 -1 -1 
32 0 2 824 782 255 1089 -1 -1 -1 -1 
32 0 6 296 897 290 536 -1 -1 -1 -1 
33 0 2 826 781 253 1091 -1 -1 -1 -1 
33 0 6 290 891 292 539 -1 -1 -1 -1 
34 0 2 824 779 255 1107 -1 -1 -1 -1 
34 0 6 222 891 359 534 -1 -1 -1 -1 
35 0 2 823 779 256 1084 -1 -1 -1 -1 
35 0 6 275 894 301 529 -1 -1 -1 -1 
36 0 2 823 779 256 1086 -1 -1 -1 -1 
36 0 6 243 897 233 523 -1 -1 -1 -1 
37 0 2 823 777 256 1075 -1 -1 -1 -1 
37 0 6 241 894 200 525 -1 -1 -1 -1 
38 0 2 829 779 250 1092 -1 -1 -1 -1 
38 0 6 226 895 212 494 -1 -1 -1 -1 
39 0 2 832 777 247 1089 -1 -1 -1 -1 
39 0 6 220 894 214 489 -1 -1 -1 -1 
39 0 7 436 899 124 373 -1 -1 -1 -1 
40 0 2 839 775 240 1064 -1 -1 -1 -1 
40 0 6 230 895 201 483 -1 -1 -1 -1 
40 0 7 439 899 121 376 -1 -1 -1 -1 
41 0 2 847 774 232 1002 -1 -1 -1 -1 
41 0 6 212 895 217 475 -1 -1 -1 -1 
41 0 7 434 897 122 373 -1 -1 -1 -1 
42 0 2 859 775 220 996 -1 -1 -1 -1 
42 0 6 219 896 208 470 -1 -1 -1 -1 
42 0 7 432 898 122 372 -1 -1 -1 -1 
43 0 2 878 775 201 981 -1 -1 -1 -1 
43 0 6 237 895 187 465 -1 -1 -1 -1 
43 0 7 439 894 118 374 -1 -1 -1 -1 
44 0 2 899 743 180 1004 -1 -1 -1 -1 
44 0 6 261 895 160 458 -1 -1 -1 -1 
44 0 7 440 889 119 383 -1 -1 -1 -1 
45 0 2 941 784 137 960 -1 -1 -1 -1 
45 0 6 257 897 162 452 -1 -1 -1 -1 
45 0 7 441 891 121 383 -1 -1 -1 -1 
46 0 2 947 782 132 971 -1 -1 -1 -1 
46 0 6 232 898 186 439 -1 -1 -1 -1 
46 0 7 443 897 123 382 -1 -1 -1 -1 
47 0 2 989 767 88 978 -1 -1 -1 -1 
47 0 6 244 899 172 433 -1 -1 -1 -1 
47 0 7 445 897 123 382 -1 -1 -1 -1 
48 0 2 1002 735 77 982 -1 -1 -1 -1 
48 0 6 222 898 195 427 -1 -1 -1 -1 
48 0 7 445 892 123 389 -1 -1 -1 -1 
49 0 2 1015 744 64 964 -1 -1 -1 -1 
49 0 6 262 898 151 419 -1 -1 -1 -1 
49 0 7 444 891 126 391 -1 -1 -1 -1 
50 0 2 1030 741 49 958 -1 -1 -1 -1 
50 0 6 283 899 131 413 -1 -1 -1 -1 
51 0 6 193 896 222 402 -1 -1 -1 -1 
51 0 7 444 898 128 390 -1 -1 -1 -1 
52 0 6 193 894 219 401 -1 -1 -1 -1 
52 0 7 443 896 133 394 -1 -1 -1 -1 
53 0 6 187 895 225 411 -1 -1 -1 -1 
53 0 7 442 895 137 395 -1 -1 -1 -1 
54 0 6 229 895 183 408 -1 -1 -1 -1 
54 0 7 443 894 136 394 -1 -1 -1 -1 
55 0 6 216 892 198 399 -1 -1 -1 -1 
55 0 7 442 895 138 396 -1 -1 -1 -1 
56 0 6 215 891 197 391 -1 -1 -1 -1 
56 0 7 445 894 137 407 -1 -1 -1 -1 
57 0 6 213 894 199 377 -1 -1 -1 -1 
57 0 7 447 893 144 410 -1 -1 -1 -1 
58 0 6 205 896 209 376 -1 -1 -1 -1 
58 0 7 446 893 151 411 -1 -1 -1 -1 
59 0 6 194 895 219 384 -1 -1 -1 -1 
59 0 7 447 893 160 412 -1 -1 -1 -1 
60 0 6 190 896 223 385 -1 -1 -1 -1 
60 0 7 443 897 170 419 -1 -1 -1 -1 
61 0 6 200 896 211 380 -1 -1 -1 -1 
61 0 7 440 898 179 421 -1 -1 -1 -1 
62 0 6 203 898 209 381 -1 -1 -1 -1 
62 0 7 441 900 182 422 -1 -1 -1 -1 
63 0 6 201 889 215 393 -1 -1 -1 -1 
63 0 7 472 898 154 430 -1 -1 -1 -1 
64 0 6 199 893 216 388 -1 -1 -1 -1 
64 0 7 475 899 158 431 -1 -1 -1 -1 
65 0 6 200 894 215 386 -1 -1 -1 -1 
65 0 7 482 898 154 427 -1 -1 -1 -1 
66 0 6 201 894 216 387 -1 -1 -1 -1 
66 0 7 507 896 137 438 -1 -1 -1 -1 
67 0 6 204 884 217 384 -1 -1 -1 -1 
67 0 7 525 898 108 411 -1 -1 -1 -1 
68 0 6 208 879 216 383 -1 -1 -1 -1 
68 0 7 536 897 118 430 -1 -1 -1 -1 
69 0 6 211 895 209 373 -1 -1 -1 -1 
69 0 7 542 893 119 440 -1 -1 -1 -1 
70 0 6 214 890 208 404 -1 -1 -1 -1 
70 0 7 544 890 124 449 -1 -1 -1 -1 
71 0 6 221 880 204 421 -1 -1 -1 -1 
71 0 7 546 888 136 458 -1 -1 -1 -1 
72 0 6 221 881 207 424 -1 -1 -1 -1 
72 0 7 551 886 133 462 -1 -1 -1 -1 
73 0 6 218 883 208 426 -1 -1 -1 -1 
73 0 7 551 882 155 467 -1 -1 -1 -1 
74 0 6 219 889 206 421 -1 -1 -1 -1 
74 0 7 553 881 167 471 -1 -1 -1 -1 
75 0 6 226 886 196 439 -1 -1 -1 -1 
75 0 7 554 879 176 474 -1 -1 -1 -1 
76 0 6 230 891 188 436 -1 -1 -1 -1 
76 0 7 557 875 174 479 -1 -1 -1 -1 
77 0 6 234 891 181 439 -1 -1 -1 -1 
77 0 7 559 874 172 484 -1 -1 -1 -1 
78 0 6 237 892 176 447 -1 -1 -1 -1 
78 0 7 561 876 160 413 -1 -1 -1 -1 
79 0 6 239 895 174 452 -1 -1 -1 -1 
79 0 7 560 874 171 492 -1 -1 -1 -1 
80 0 6 242 895 170 457 -1 -1 -1 -1 
80 0 7 564 874 173 493 -1 -1 -1 -1 
81 0 6 245 891 167 464 -1 -1 -1 -1 
81 0 7 570 874 179 500 -1 -1 -1 -1 
82 0 6 249 893 163 467 -1 -1 -1 -1 
82 0 7 578 874 172 504 -1 -1 -1 -1 
83 0 6 251 884 163 474 -1 -1 -1 -1 
83 0 7 585 874 171 507 -1 -1 -1 -1 
84 0 6 253 880 162 482 -1 -1 -1 -1 
84 0 7 587 878 154 431 -1 -1 -1 -1 
85 0 6 267 887 150 473 -1 -1 -1 -1 
85 0 7 602 880 145 440 -1 -1 -1 -1 
86 0 6 270 893 151 473 -1 -1 -1 -1 
86 0 7 620 882 135 463 -1 -1 -1 -1 
87 0 6 274 892 163 479 -1 -1 -1 -1 
87 0 7 623 881 187 511 -1 -1 -1 -1 
88 0 6 277 893 179 483 -1 -1 -1 -1 
88 0 7 623 876 210 520 -1 -1 -1 -1 
89 0 6 279 892 188 486 -1 -1 -1 -1 
89 0 7 627 875 221 526 -1 -1 -1 -1 
90 0 6 279 892 198 487 -1 -1 -1 -1 
90 0 7 633 867 221 539 -1 -1 -1 -1 
91 0 6 279 895 209 490 -1 -1 -1 -1 
91 0 7 634 866 245 542 -1 -1 -1 -1 
92 0 6 281 892 212 495 -1 -1 -1 -1 
92 0 7 642 860 248 550 -1 -1 -1 -1 
93 0 6 281 889 215 501 -1 -1 -1 -1 
93 0 7 649 856 252 558 -1 -1 -1 -1 
94 0 6 282 887 217 508 -1 -1 -1 -1 
94 0 7 656 850 258 570 -1 -1 -1 -1 
95 0 6 280 885 220 513 -1 -1 -1 -1 
95 0 7 667 847 260 579 -1 -1 -1 -1 
96 0 6 279 891 226 510 -1 -1 -1 -1 
96 0 7 675 843 261 587 -1 -1 -1 -1 
97 0 6 278 891 229 513 -1 -1 -1 -1 
97 0 7 682 843 256 593 -1 -1 -1 -1 
98 0 6 272 892 234 515 -1 -1 -1 -1 
98 0 7 689 844 251 597 -1 -1 -1 -1 
99 0 6 270 892 232 519 -1 -1 -1 -1 
99 0 7 694 840 246 608 -1 -1 -1 -1 
100 0 6 269 891 232 523 -1 -1 -1 -1 
100 0 7 701 840 233 616 -1 -1 -1 -1 
101 0 6 261 887 238 529 -1 -1 -1 -1 
101 0 7 706 841 216 624 -1 -1 -1 -1 
102 0 6 256 878 241 542 -1 -1 -1 -1 
102 0 7 713 838 192 635 -1 -1 -1 -1 
103 0 6 254 871 240 555 -1 -1 -1 -1 
103 0 7 718 837 174 642 -1 -1 -1 -1 
104 0 6 250 883 244 547 -1 -1 -1 -1 
104 0 7 723 843 180 643 -1 -1 -1 -1 
105 0 6 245 878 250 553 -1 -1 -1 -1 
105 0 7 728 838 188 657 -1 -1 -1 -1 
106 0 6 241 874 255 563 -1 -1 -1 -1 
106 0 7 735 837 193 659 -1 -1 -1 -1 
107 0 6 238 862 261 579 -1 -1 -1 -1 
107 0 7 740 833 199 670 -1 -1 -1 -1 
108 0 6 236 854 271 594 -1 -1 -1 -1 
108 0 7 747 833 202 669 -1 -1 -1 -1 
109 0 6 240 854 270 595 -1 -1 -1 -1 
109 0 7 750 831 244 676 -1 -1 -1 -1 
110 0 6 241 857 271 604 -1 -1 -1 -1 
110 0 7 752 824 273 679 -1 -1 -1 -1 
111 0 6 248 858 266 611 -1 -1 -1 -1 
111 0 7 756 822 292 683 -1 -1 -1 -1 
112 0 6 261 855 257 622 -1 -1 -1 -1 
112 0 7 756 818 306 689 -1 -1 -1 -1 
113 0 6 266 852 259 635 -1 -1 -1 -1 
113 0 7 757 807 311 621 -1 -1 -1 -1 
114 0 6 273 849 256 641 -1 -1 -1 -1 
114 0 7 753 802 317 692 -1 -1 -1 -1 
115 0 6 285 846 246 649 -1 -1 -1 -1 
115 0 7 749 796 316 742 -1 -1 -1 -1 
116 0 6 291 841 241 655 -1 -1 -1 -1 
116 0 7 747 797 323 739 -1 -1 -1 -1 
117 0 6 301 835 234 663 -1 -1 -1 -1 
117 0 7 752 797 310 753 -1 -1 -1 -1 
118 0 6 292 829 245 667 -1 -1 -1 -1 
118 0 7 752 796 324 763 -1 -1 -1 -1 
119 0 6 298 826 238 677 -1 -1 -1 -1 
119 0 7 761 795 316 768 -1 -1 -1 -1 
120 0 6 315 827 225 684 -1 -1 -1 -1 
120 0 7 775 795 277 663 -1 -1 -1 -1 
121 0 6 321 822 220 692 -1 -1 -1 -1 
121 0 7 791 807 251 653 -1 -1 -1 -1 
122 0 6 325 817 219 697 -1 -1 -1 -1 
122 0 7 811 811 243 656 -1 -1 -1 -1 
123 0 6 323 829 219 687 -1 -1 -1 -1 
123 0 7 833 796 234 670 -1 -1 -1 -1 
124 0 6 321 839 217 682 -1 -1 -1 -1 
124 0 7 863 795 209 739 -1 -1 -1 -1 
125 0 6 318 838 230 684 -1 -1 -1 -1 
125 0 7 896 794 180 803 -1 -1 -1 -1 
126 0 6 315 839 242 692 -1 -1 -1 -1 
126 0 7 918 793 158 807 -1 -1 -1 -1 
127 0 6 321 836 244 702 -1 -1 -1 -1 
127 0 7 925 780 154 713 -1 -1 -1 -1 
128 0 6 321 828 256 715 -1 -1 -1 -1 
128 0 7 928 772 151 800 -1 -1 -1 -1 
129 0 6 322 816 268 729 -1 -1 -1 -1 
129 0 7 923 758 156 805 -1 -1 -1 -1 
130 0 6 323 823 279 731 -1 -1 -1 -1 
130 0 7 926 769 152 788 -1 -1 -1 -1 
131 0 6 340 825 275 733 -1 -1 -1 -1 
131 0 7 918 770 160 782 -1 -1 -1 -1 
132 0 6 362 817 269 750 -1 -1 -1 -1 
132 0 7 915 773 164 766 -1 -1 -1 -1 
133 0 6 391 812 253 759 -1 -1 -1 -1 
133 0 7 914 781 165 753 -1 -1 -1 -1 
134 0 6 400 802 257 772 -1 -1 -1 -1 
134 0 7 913 783 166 752 -1 -1 -1 -1 
135 0 6 404 799 266 781 -1 -1 -1 -1 
135 0 7 915 787 164 741 -1 -1 -1 -1 
136 0 6 406 788 275 793 -1 -1 -1 -1 
136 0 7 920 771 159 767 -1 -1 -1 -1 
137 0 6 410 787 281 800 -1 -1 -1 -1 
137 0 7 930 761 149 780 -1 -1 -1 -1 
138 0 6 409 788 291 805 -1 -1 -1 -1 
138 0 7 949 779 130 760 -1 -1 -1 -1 
139 0 6 413 788 294 812 -1 -1 -1 -1 
139 0 7 964 765 115 751 -1 -1 -1 -1 
140 0 6 416 799 297 803 -1 -1 -1 -1 
141 0 6 412 795 308 812 -1 -1 -1 -1 
142 0 6 418 774 305 842 -1 -1 -1 -1 
143 0 6 422 783 304 846 -1 -1 -1 -1 
144 0 6 432 777 296 863 -1 -1 -1 -1 
145 0 6 442 758 287 891 -1 -1 -1 -1 
146 0 6 452 755 278 902 -1 -1 -1 -1 
147 0 6 469 754 267 922 -1 -1 -1 -1 
148 0 6 478 752 270 941 -1 -1 -1 -1 
149 0 6 485 753 273 952 -1 -1 -1 -1 
150 0 6 495 751 271 962 -1 -1 -1 -1 
151 0 6 506 755 264 969 -1 -1 -1 -1 
152 0 6 515 769 278 965 -1 -1 -1 -1 
153 0 6 524 761 277 984 -1 -1 -1 -1 
154 0 6 530 760 280 990 -1 -1 -1 -1 
155 0 6 536 748 284 1009 -1 -1 -1 -1 
156 0 6 540 741 313 1020 -1 -1 -1 -1 
157 0 6 542 738 378 1037 -1 -1 -1 -1 
158 0 6 551 718 393 1065 -1 -1 -1 -1 
159 0 6 555 735 377 1053 -1 -1 -1 -1 
160 0 6 560 722 380 1069 -1 -1 -1 -1 
161 0 6 558 713 376 1084 -1 -1 -1 -1 
162 0 6 557 705 383 1097 -1 -1 -1 -1 
163 0 6 554 699 397 1104 -1 -1 -1 -1 
164 0 6 555 702 420 1109 -1 -1 -1 -1 
165 0 6 559 706 446 1113 -1 -1 -1 -1 
166 0 6 563 705 476 1116 -1 -1 -1 -1 
167 0 6 557 704 518 1128 -1 -1 -1 -1 
168 0 6 547 702 471 1137 -1 -1 -1 -1 
169 0 6 571 699 456 1143 -1 -1 -1 -1 
170 0 6 584 697 492 1147 -1 -1 -1 -1 
171 0 6 603 696 473 1155 -1 -1 -1 -1 
172 0 6 625 698 449 1159 -1 -1 -1 -1 
173 0 6 653 695 420 1167 -1 -1 -1 -1 
174 0 6 691 697 388 1174 -1 -1 -1 -1 
175 0 6 712 694 367 1195 -1 -1 -1 -1 
176 0 6 718 742 361 1158 -1 -1 -1 -1 
177 0 6 728 711 350 1193 -1 -1 -1 -1 
178 0 6 735 658 343 1255 -1 -1 -1 -1 
179 0 6 748 678 331 1241 -1 -1 -1 -1 
180 0 6 758 651 321 1224 -1 -1 -1 -1 
181 0 6 762 530 315 1288 -1 -1 -1 -1 
182 0 6 771 637 308 1272 -1 -1 -1 -1 
183 0 6 773 674 306 1237 -1 -1 -1 -1 
184 0 6 772 688 307 1226 -1 -1 -1 -1 
185 0 6 766 658 313 1259 -1 -1 -1 -1 
186 0 6 777 650 302 1267 -1 -1 -1 -1 
187 0 6 784 638 295 1279 -1 -1 -1 -1 
188 0 6 788 638 291 1278 -1 -1 -1 -1 
189 0 6 800 634 279 1283 -1 -1 -1 -1 
190 0 6 808 637 271 1281 -1 -1 -1 -1 
191 0 6 822 635 257 1284 -1 -1 -1 -1 
192 0 6 843 633 236 1286 -1 -1 -1 -1 
193 0 6 880 636 198 1283 -1 -1 -1 -1 
194 0 6 897 636 182 1283 -1 -1 -1 -1 
195 0 6 906 632 173 1287 -1 -1 -1 -1 
196 0 6 910 626 169 1293 -1 -1 -1 -1 
197 0 6 912 630 167 1289 -1 -1 -1 -1 
198 0 6 915 632 164 1287 -1 -1 -1 -1 
199 0 6 925 630 153 1289 -1 -1 -1 -1 
200 0 6 933 634 145 1285 -1 -1 -1 -1 
201 0 6 941 628 138 1289 -1 -1 -1 -1 
202 0 6 934 621 145 1292 -1 -1 -1 -1 
203 0 6 930 611 149 1295 -1 -1 -1 -1 
204 0 6 929 608 150 1276 -1 -1 -1 -1 
205 0 6 932 600 146 1270 -1 -1 -1 -1 
206 0 6 933 604 145 1120 -1 -1 -1 -1 
207 0 6 939 617 139 963 -1 -1 -1 -1 
208 0 6 937 604 141 1070 -1 -1 -1 -1 
209 0 6 938 607 141 1069 -1 -1 -1 -1 
210 0 6 963 659 116 933 -1 -1 -1 -1 
233 0 11 192 1090 89 179 -1 -1 -1 -1 
234 0 11 194 1093 90 181 -1 -1 -1 -1 
235 0 11 196 1092 92 182 -1 -1 -1 -1 
236 0 11 198 1093 93 185 -1 -1 -1 -1 
237 0 11 202 1090 90 187 -1 -1 -1 -1 
238 0 11 206 1092 91 187 -1 -1 -1 -1 
239 0 11 211 1091 87 187 -1 -1 -1 -1 
240 0 11 209 1088 94 189 -1 -1 -1 -1 
241 0 11 211 1086 96 191 -1 -1 -1 -1 
242 0 11 215 1085 95 193 -1 -1 -1 -1 
243 0 11 214 1085 100 195 -1 -1 -1 -1 
244 0 11 211 1087 105 193 -1 -1 -1 -1 
245 0 11 210 1083 108 193 -1 -1 -1 -1 
246 0 11 208 1084 112 192 -1 -1 -1 -1 
247 0 11 207 1083 114 190 -1 -1 -1 -1 
248 0 11 209 1084 113 189 -1 -1 -1 -1 
249 0 11 212 1083 113 188 -1 -1 -1 -1 
250 0 11 206 1084 126 190 -1 -1 -1 -1 
251 0 11 206 1084 130 190 -1 -1 -1 -1 
252 0 11 206 1084 132 190 -1 -1 -1 -1 
253 0 11 206 1083 135 191 -1 -1 -1 -1 
254 0 11 207 1085 137 190 -1 -1 -1 -1 
255 0 11 209 1085 136 187 -1 -1 -1 -1 
256 0 11 213 1087 133 185 -1 -1 -1 -1 
257 0 11 217 1087 131 182 -1 -1 -1 -1 
258 0 11 219 1088 130 180 -1 -1 -1 -1 
259 0 11 225 1087 123 181 -1 -1 -1 -1 
260 0 11 228 1088 122 181 -1 -1 -1 -1 
261 0 11 232 1090 119 178 -1 -1 -1 -1 
262 0 11 234 1091 118 176 -1 -1 -1 -1 
272 0 11 243 1086 106 182 -1 -1 -1 -1 
280 0 11 243 1088 104 182 -1 -1 -1 -1 
282 0 11 243 1088 102 181 -1 -1 -1 -1 
283 0 11 241 1084 103 185 -1 -1 -1 -1 
284 0 11 242 1083 102 185 -1 -1 -1 -1 
285 0 11 241 1083 105 185 -1 -1 -1 -1 
288 0 11 241 1085 109 181 -1 -1 -1 -1 
289 0 11 242 1086 108 181 -1 -1 -1 -1 
295 0 11 241 1083 109 178 -1 -1 -1 -1 
297 0 11 237 1077 111 182 -1 -1 -1 -1 
298 0 11 235 1076 111 185 -1 -1 -1 -1 
299 0 11 236 1081 109 180 -1 -1 -1 -1 
300 0 11 234 1078 107 180 -1 -1 -1 -1 
301 0 11 229 1074 109 182 -1 -1 -1 -1 
302 0 11 225 1076 110 180 -1 -1 -1 -1 
303 0 11 226 1075 104 180 -1 -1 -1 -1 
304 0 11 225 1076 103 180 -1 -1 -1 -1 
305 0 11 218 1081 106 174 -1 -1 -1 -1 
306 0 11 215 1091 104 163 -1 -1 -1 -1 
307 0 11 208 1117 107 137 -1 -1 -1 -1 
308 0 11 206 1123 104 130 -1 -1 -1 -1 
309 0 11 202 1122 103 134 -1 -1 -1 -1 
310 0 11 202 1126 99 130 -1 -1 -1 -1 
311 0 11 203 1124 96 133 -1 -1 -1 -1 
312 0 11 194 1127 105 131 -1 -1 -1 -1 
313 0 11 194 1074 104 183 -1 -1 -1 -1 
314 0 11 193 1072 104 189 -1 -1 -1 -1 
315 0 11 184 1120 120 151 -1 -1 -1 -1 
318 0 11 197 1071 96 194 -1 -1 -1 -1 
319 0 11 194 1073 100 193 -1 -1 -1 -1 
320 0 11 201 1120 94 145 -1 -1 -1 -1 
321 0 11 208 1125 84 139 -1 -1 -1 -1 
322 0 11 200 1074 92 189 -1 -1 -1 -1 
323 0 11 201 1071 91 196 -1 -1 -1 -1 
324 0 11 210 1117 82 149 -1 -1 -1 -1 
325 0 11 210 1124 80 145 -1 -1 -1 -1 
326 0 11 210 1085 78 181 -1 -1 -1 -1 
327 0 11 208 1089 82 182 -1 -1 -1 -1 
328 0 11 208 1077 81 193 -1 -1 -1 -1 
330 0 11 207 1070 82 199 -1 -1 -1 -1 
332 0 11 207 1065 83 185 -1 -1 -1 -1 
333 0 11 212 1072 76 194 -1 -1 -1 -1 
334 0 11 210 1069 77 184 -1 -1 -1 -1 
335 0 11 211 1070 74 181 -1 -1 -1 -1 
336 0 11 209 1073 77 183 -1 -1 -1 -1 
338 0 11 208 1073 74 194 -1 -1 -1 -1 
342 0 11 211 1070 76 198 -1 -1 -1 -1 
343 0 11 211 1078 77 192 -1 -1 -1 -1 
351 0 11 216 1064 95 192 -1 -1 -1 -1 
381 0 16 980 847 98 830 -1 -1 -1 -1 
382 0 16 943 852 135 844 -1 -1 -1 -1 
383 0 16 932 817 147 810 -1 -1 -1 -1 
384 0 16 904 728 175 820 -1 -1 -1 -1 
385 0 16 873 737 206 892 -1 -1 -1 -1 
386 0 16 855 700 224 931 -1 -1 -1 -1 
387 0 16 837 676 241 882 -1 -1 -1 -1 
388 0 16 821 677 257 865 -1 -1 -1 -1 
389 0 16 796 680 283 855 -1 -1 -1 -1 
390 0 16 734 677 345 862 -1 -1 -1 -1 
391 0 16 729 675 350 895 -1 -1 -1 -1 
392 0 16 722 673 355 893 -1 -1 -1 -1 
393 0 16 718 674 360 886 -1 -1 -1 -1 
394 0 16 724 673 347 878 -1 -1 -1 -1 
395 0 16 716 685 356 854 -1 -1 -1 -1 
396 0 16 706 680 365 867 -1 -1 -1 -1 
397 0 16 695 654 381 880 -1 -1 -1 -1 
398 0 16 679 657 397 874 -1 -1 -1 -1 
399 0 16 671 667 384 864 -1 -1 -1 -1 
400 0 16 661 666 353 861 -1 -1 -1 -1 
401 0 16 654 669 321 840 -1 -1 -1 -1 
402 0 16 644 667 284 829 -1 -1 -1 -1 
403 0 16 640 667 246 818 -1 -1 -1 -1 
404 0 16 657 660 205 760 -1 -1 -1 -1 
405 0 16 652 660 198 795 -1 -1 -1 -1 
406 0 16 629 670 218 788 -1 -1 -1 -1 
406 0 18 604 1010 140 467 -1 -1 -1 -1 
407 0 16 582 672 264 735 -1 -1 -1 -1 
407 0 18 585 1012 172 460 -1 -1 -1 -1 
408 0 16 572 668 270 785 -1 -1 -1 -1 
408 0 18 575 1005 146 454 -1 -1 -1 -1 
409 0 16 571 666 278 782 -1 -1 -1 -1 
409 0 18 565 1000 135 453 -1 -1 -1 -1 
410 0 16 557 663 294 775 -1 -1 -1 -1 
410 0 18 548 997 145 446 -1 -1 -1 -1 
411 0 16 552 665 303 752 -1 -1 -1 -1 
411 0 18 537 989 217 445 -1 -1 -1 -1 
412 0 16 557 658 299 746 -1 -1 -1 -1 
412 0 18 531 983 162 441 -1 -1 -1 -1 
413 0 16 556 666 298 747 -1 -1 -1 -1 
413 0 18 520 981 185 437 -1 -1 -1 -1 
414 0 16 552 673 300 735 -1 -1 -1 -1 
414 0 18 513 978 190 433 -1 -1 -1 -1 
415 0 16 570 678 265 708 -1 -1 -1 -1 
415 0 18 506 979 190 428 -1 -1 -1 -1 
416 0 16 573 676 240 692 -1 -1 -1 -1 
416 0 18 497 982 198 428 -1 -1 -1 -1 
417 0 16 562 685 220 673 -1 -1 -1 -1 
417 0 18 489 983 205 421 -1 -1 -1 -1 
418 0 16 546 693 202 676 -1 -1 -1 -1 
418 0 18 484 985 180 413 -1 -1 -1 -1 
419 0 16 530 704 181 678 -1 -1 -1 -1 
419 0 18 477 985 127 408 -1 -1 -1 -1 
420 0 16 505 708 175 673 -1 -1 -1 -1 
420 0 18 469 987 118 404 -1 -1 -1 -1 
421 0 16 492 710 181 666 -1 -1 -1 -1 
421 0 18 462 988 118 397 -1 -1 -1 -1 
422 0 16 457 704 209 673 -1 -1 -1 -1 
423 0 16 453 704 208 667 -1 -1 -1 -1 
423 0 18 445 987 148 387 -1 -1 -1 -1 
424 0 16 468 705 186 660 -1 -1 -1 -1 
424 0 18 441 986 127 381 -1 -1 -1 -1 
425 0 16 461 704 192 644 -1 -1 -1 -1 
425 0 18 437 983 139 375 -1 -1 -1 -1 
426 0 16 442 708 212 637 -1 -1 -1 -1 
426 0 18 429 980 176 371 -1 -1 -1 -1 
427 0 16 439 709 219 630 -1 -1 -1 -1 
427 0 18 431 975 150 370 -1 -1 -1 -1 
428 0 16 440 705 222 623 -1 -1 -1 -1 
428 0 18 426 969 191 374 -1 -1 -1 -1 
429 0 16 450 711 213 611 -1 -1 -1 -1 
429 0 18 424 962 193 377 -1 -1 -1 -1 
430 0 16 446 711 220 609 -1 -1 -1 -1 
431 0 16 434 713 241 610 -1 -1 -1 -1 
432 0 16 426 713 248 610 -1 -1 -1 -1 
433 0 16 437 714 243 606 -1 -1 -1 -1 
433 0 18 415 952 108 369 -1 -1 -1 -1 
434 0 16 449 716 216 595 -1 -1 -1 -1 
434 0 18 405 955 113 363 -1 -1 -1 -1 
435 0 16 452 731 202 584 -1 -1 -1 -1 
435 0 18 407 956 109 363 -1 -1 -1 -1 
436 0 16 416 719 226 593 -1 -1 -1 -1 
437 0 16 446 744 179 564 -1 -1 -1 -1 
438 0 16 453 743 161 559 -1 -1 -1 -1 
438 0 18 397 963 118 347 -1 -1 -1 -1 
439 0 16 461 744 142 551 -1 -1 -1 -1 
439 0 18 397 965 117 341 -1 -1 -1 -1 
440 0 16 462 750 135 545 -1 -1 -1 -1 
440 0 18 392 970 147 336 -1 -1 -1 -1 
441 0 16 461 748 131 554 -1 -1 -1 -1 
441 0 18 382 977 209 328 -1 -1 -1 -1 
442 0 16 366 738 222 563 -1 -1 -1 -1 
443 0 16 377 741 196 558 -1 -1 -1 -1 
444 0 16 369 746 191 552 -1 -1 -1 -1 
445 0 16 394 748 152 533 -1 -1 -1 -1 
446 0 16 340 752 189 529 -1 -1 -1 -1 
447 0 16 315 753 195 522 -1 -1 -1 -1 
448 0 16 283 745 209 527 -1 -1 -1 -1 
449 0 16 328 748 141 510 -1 -1 -1 -1 
450 0 16 295 755 160 502 -1 -1 -1 -1 
451 0 16 290 744 147 513 -1 -1 -1 -1 
452 0 16 254 757 175 499 -1 -1 -1 -1 
453 0 16 267 749 146 497 -1 -1 -1 -1 
454 0 16 251 752 145 493 -1 -1 -1 -1 
455 0 16 187 752 182 507 -1 -1 -1 -1 
456 0 16 186 759 165 499 -1 -1 -1 -1 
457 0 16 181 764 174 497 -1 -1 -1 -1 
458 0 16 185 766 150 495 -1 -1 -1 -1 
459 0 16 178 770 151 484 -1 -1 -1 -1 
460 0 16 174 768 145 480 -1 -1 -1 -1 
461 0 16 169 769 146 475 -1 -1 -1 -1 
462 0 16 164 774 146 475 -1 -1 -1 -1 
463 0 16 163 772 147 478 -1 -1 -1 -1 
464 0 16 164 773 149 466 -1 -1 -1 -1 
465 0 16 165 776 145 469 -1 -1 -1 -1 
465 0 19 909 621 170 1041 -1 -1 -1 -1 
466 0 16 168 767 145 472 -1 -1 -1 -1 
466 0 19 906 623 173 1040 -1 -1 -1 -1 
467 0 16 169 768 146 469 -1 -1 -1 -1 
467 0 19 904 611 174 1048 -1 -1 -1 -1 
468 0 16 171 766 150 473 -1 -1 -1 -1 
468 0 19 902 603 177 1059 -1 -1 -1 -1 
469 0 16 174 766 143 468 -1 -1 -1 -1 
469 0 19 902 601 177 1069 -1 -1 -1 -1 
470 0 16 178 771 141 464 -1 -1 -1 -1 
470 0 19 903 618 176 1040 -1 -1 -1 -1 
471 0 16 185 773 136 461 -1 -1 -1 -1 
471 0 19 902 619 177 996 -1 -1 -1 -1 
472 0 16 186 772 140 460 -1 -1 -1 -1 
472 0 19 897 620 182 999 -1 -1 -1 -1 
473 0 16 186 772 139 459 -1 -1 -1 -1 
474 0 16 180 770 153 460 -1 -1 -1 -1 
474 0 19 879 615 199 990 -1 -1 -1 -1 
475 0 16 180 771 152 457 -1 -1 -1 -1 
475 0 19 872 613 207 994 -1 -1 -1 -1 
476 0 16 178 772 157 454 -1 -1 -1 -1 
476 0 19 866 594 211 1015 -1 -1 -1 -1 
477 0 16 178 772 157 453 -1 -1 -1 -1 
477 0 19 859 600 220 1005 -1 -1 -1 -1 
478 0 16 184 774 154 443 -1 -1 -1 -1 
478 0 19 852 590 227 1014 -1 -1 -1 -1 
479 0 16 183 776 153 419 -1 -1 -1 -1 
479 0 19 842 643 237 959 -1 -1 -1 -1 
480 0 16 191 776 151 425 -1 -1 -1 -1 
480 0 19 837 646 242 950 -1 -1 -1 -1 
481 0 16 176 777 167 437 -1 -1 -1 -1 
481 0 19 835 660 244 921 -1 -1 -1 -1 
482 0 16 184 776 165 432 -1 -1 -1 -1 
482 0 19 825 642 254 938 -1 -1 -1 -1 
483 0 16 211 775 140 429 -1 -1 -1 -1 
483 0 19 817 661 262 913 -1 -1 -1 -1 
484 0 16 209 777 149 425 -1 -1 -1 -1 
484 0 19 788 664 291 898 -1 -1 -1 -1 
485 0 16 223 773 135 406 -1 -1 -1 -1 
485 0 19 760 662 319 894 -1 -1 -1 -1 
486 0 16 196 776 166 415 -1 -1 -1 -1 
486 0 19 712 666 367 885 -1 -1 -1 -1 
487 0 16 203 776 160 412 -1 -1 -1 -1 
487 0 19 697 675 382 870 -1 -1 -1 -1 
488 0 16 195 776 177 403 -1 -1 -1 -1 
488 0 19 681 682 398 850 -1 -1 -1 -1 
489 0 16 180 776 193 398 -1 -1 -1 -1 
489 0 19 683 681 396 848 -1 -1 -1 -1 
490 0 16 176 779 202 391 -1 -1 -1 -1 
490 0 19 735 680 342 840 -1 -1 -1 -1 
491 0 16 179 780 202 386 -1 -1 -1 -1 
491 0 19 705 676 373 841 -1 -1 -1 -1 
492 0 16 181 780 202 382 -1 -1 -1 -1 
492 0 19 738 680 340 835 -1 -1 -1 -1 
493 0 16 178 783 211 371 -1 -1 -1 -1 
493 0 19 731 680 348 826 -1 -1 -1 -1 
494 0 16 188 789 184 364 -1 -1 -1 -1 
494 0 19 725 679 352 826 -1 -1 -1 -1 
495 0 16 189 782 203 367 -1 -1 -1 -1 
495 0 19 716 678 362 831 -1 -1 -1 -1 
496 0 16 190 786 195 362 -1 -1 -1 -1 
496 0 19 703 655 374 854 -1 -1 -1 -1 
497 0 16 191 787 196 357 -1 -1 -1 -1 
498 0 16 192 788 211 358 -1 -1 -1 -1 
498 0 19 695 674 382 829 -1 -1 -1 -1 
499 0 16 195 793 208 354 -1 -1 -1 -1 
499 0 19 687 683 364 817 -1 -1 -1 -1 
500 0 16 195 792 207 353 -1 -1 -1 -1 
500 0 19 680 685 326 809 -1 -1 -1 -1 
501 0 16 198 793 204 353 -1 -1 -1 -1 
501 0 19 676 685 286 804 -1 -1 -1 -1 
502 0 16 199 792 205 353 -1 -1 -1 -1 
502 0 19 668 686 266 799 -1 -1 -1 -1 
503 0 16 199 797 209 349 -1 -1 -1 -1 
503 0 19 661 687 266 789 -1 -1 -1 -1 
504 0 16 202 795 206 348 -1 -1 -1 -1 
504 0 19 657 693 262 775 -1 -1 -1 -1 
505 0 16 203 801 208 346 -1 -1 -1 -1 
505 0 19 652 691 259 770 -1 -1 -1 -1 
506 0 16 205 802 208 345 -1 -1 -1 -1 
506 0 19 639 692 267 764 -1 -1 -1 -1 
507 0 16 208 805 207 344 -1 -1 -1 -1 
507 0 19 635 693 260 755 -1 -1 -1 -1 
508 0 16 213 806 203 346 -1 -1 -1 -1 
508 0 19 627 693 262 743 -1 -1 -1 -1 
509 0 16 216 810 201 344 -1 -1 -1 -1 
509 0 19 621 698 267 730 -1 -1 -1 -1 
510 0 16 220 808 199 353 -1 -1 -1 -1 
510 0 19 613 704 272 719 -1 -1 -1 -1 
511 0 16 220 811 202 351 -1 -1 -1 -1 
511 0 19 607 706 281 700 -1 -1 -1 -1 
512 0 16 228 812 193 360 -1 -1 -1 -1 
512 0 19 606 718 279 689 -1 -1 -1 -1 
513 0 16 229 813 194 365 -1 -1 -1 -1 
513 0 19 601 721 283 675 -1 -1 -1 -1 
514 0 16 232 815 191 367 -1 -1 -1 -1 
514 0 19 593 722 285 668 -1 -1 -1 -1 
515 0 16 233 815 190 374 -1 -1 -1 -1 
515 0 19 584 717 280 668 -1 -1 -1 -1 
516 0 16 233 814 190 381 -1 -1 -1 -1 
516 0 19 583 726 260 656 -1 -1 -1 -1 
517 0 16 234 813 188 388 -1 -1 -1 -1 
517 0 19 572 731 265 688 -1 -1 -1 -1 
518 0 16 236 811 182 381 -1 -1 -1 -1 
518 0 19 566 734 243 643 -1 -1 -1 -1 
519 0 16 241 812 175 396 -1 -1 -1 -1 
519 0 19 557 747 240 624 -1 -1 -1 -1 
520 0 16 245 808 169 406 -1 -1 -1 -1 
520 0 19 551 749 236 617 -1 -1 -1 -1 
521 0 16 250 811 163 407 -1 -1 -1 -1 
521 0 19 546 754 255 725 -1 -1 -1 -1 
522 0 16 253 814 162 405 -1 -1 -1 -1 
522 0 19 540 747 224 612 -1 -1 -1 -1 
523 0 16 258 819 153 405 -1 -1 -1 -1 
523 0 19 537 752 219 604 -1 -1 -1 -1 
524 0 16 259 815 151 410 -1 -1 -1 -1 
524 0 19 526 754 237 620 -1 -1 -1 -1 
525 0 16 261 814 145 414 -1 -1 -1 -1 
525 0 19 523 753 219 595 -1 -1 -1 -1 
526 0 16 263 805 141 422 -1 -1 -1 -1 
526 0 19 516 756 231 611 -1 -1 -1 -1 
527 0 16 262 806 141 426 -1 -1 -1 -1 
527 0 19 512 753 212 582 -1 -1 -1 -1 
528 0 16 266 808 133 429 -1 -1 -1 -1 
528 0 19 503 752 209 571 -1 -1 -1 -1 
529 0 16 263 813 134 436 -1 -1 -1 -1 
529 0 19 495 751 214 579 -1 -1 -1 -1 
530 0 16 264 805 134 449 -1 -1 -1 -1 
530 0 19 488 748 212 571 -1 -1 -1 -1 
531 0 16 267 802 131 456 -1 -1 -1 -1 
531 0 19 481 753 210 559 -1 -1 -1 -1 
532 0 16 266 804 135 458 -1 -1 -1 -1 
532 0 19 474 756 213 553 -1 -1 -1 -1 
533 0 16 271 804 140 458 -1 -1 -1 -1 
533 0 19 477 758 215 631 -1 -1 -1 -1 
534 0 16 274 807 142 453 -1 -1 -1 -1 
534 0 19 477 760 208 594 -1 -1 -1 -1 
535 0 16 275 808 147 465 -1 -1 -1 -1 
535 0 19 470 759 214 610 -1 -1 -1 -1 
536 0 16 273 810 152 466 -1 -1 -1 -1 
536 0 19 455 773 213 545 -1 -1 -1 -1 
537 0 16 265 808 157 469 -1 -1 -1 -1 
537 0 19 452 769 198 518 -1 -1 -1 -1 
538 0 16 252 807 169 465 -1 -1 -1 -1 
538 0 19 452 772 199 594 -1 -1 -1 -1 
539 0 16 246 811 170 466 -1 -1 -1 -1 
539 0 19 449 781 178 498 -1 -1 -1 -1 
540 0 16 237 809 173 470 -1 -1 -1 -1 
540 0 19 428 784 192 502 -1 -1 -1 -1 
541 0 16 232 807 174 479 -1 -1 -1 -1 
541 0 19 419 786 193 507 -1 -1 -1 -1 
542 0 16 224 807 178 483 -1 -1 -1 -1 
542 0 19 414 790 189 503 -1 -1 -1 -1 
543 0 16 211 805 188 484 -1 -1 -1 -1 
543 0 19 403 792 196 500 -1 -1 -1 -1 
544 0 16 210 804 183 488 -1 -1 -1 -1 
544 0 19 399 785 198 502 -1 -1 -1 -1 
545 0 16 203 800 189 496 -1 -1 -1 -1 
545 0 19 399 799 208 546 -1 -1 -1 -1 
546 0 16 207 799 180 500 -1 -1 -1 -1 
546 0 19 398 799 204 551 -1 -1 -1 -1 
547 0 16 184 798 202 507 -1 -1 -1 -1 
547 0 19 396 789 194 546 -1 -1 -1 -1 
548 0 16 183 796 202 512 -1 -1 -1 -1 
548 0 19 390 797 196 538 -1 -1 -1 -1 
549 0 16 177 799 207 512 -1 -1 -1 -1 
549 0 19 386 799 197 535 -1 -1 -1 -1 
550 0 16 176 800 202 510 -1 -1 -1 -1 
550 0 19 383 796 194 535 -1 -1 -1 -1 
551 0 16 181 800 193 512 -1 -1 -1 -1 
551 0 19 381 798 194 539 -1 -1 -1 -1 
552 0 16 179 797 192 515 -1 -1 -1 -1 
552 0 19 377 798 193 541 -1 -1 -1 -1 
553 0 16 176 797 192 517 -1 -1 -1 -1 
553 0 19 374 798 190 538 -1 -1 -1 -1 
554 0 16 178 798 187 519 -1 -1 -1 -1 
554 0 19 372 799 186 534 -1 -1 -1 -1 
555 0 16 176 794 187 529 -1 -1 -1 -1 
555 0 19 366 780 186 551 -1 -1 -1 -1 
556 0 16 176 784 186 544 -1 -1 -1 -1 
556 0 19 365 772 183 554 -1 -1 -1 -1 
557 0 16 175 782 187 548 -1 -1 -1 -1 
557 0 19 361 772 185 555 -1 -1 -1 -1 
558 0 16 174 779 185 553 -1 -1 -1 -1 
558 0 19 362 775 181 553 -1 -1 -1 -1 
559 0 16 172 782 193 554 -1 -1 -1 -1 
559 0 19 369 774 172 539 -1 -1 -1 -1 
560 0 16 168 781 192 557 -1 -1 -1 -1 
560 0 19 379 780 160 520 -1 -1 -1 -1 
561 0 16 165 774 195 565 -1 -1 -1 -1 
561 0 19 376 788 161 523 -1 -1 -1 -1 
562 0 16 163 770 200 571 -1 -1 -1 -1 
562 0 19 374 789 162 515 -1 -1 -1 -1 
563 0 16 160 769 205 576 -1 -1 -1 -1 
563 0 19 373 789 158 504 -1 -1 -1 -1 
564 0 16 158 797 205 553 -1 -1 -1 -1 
564 0 19 366 793 162 499 -1 -1 -1 -1 
565 0 16 153 785 207 568 -1 -1 -1 -1 
565 0 19 362 785 163 512 -1 -1 -1 -1 
566 0 16 149 777 212 580 -1 -1 -1 -1 
566 0 19 358 782 165 511 -1 -1 -1 -1 
567 0 16 148 760 208 599 -1 -1 -1 -1 
567 0 19 354 783 166 503 -1 -1 -1 -1 
568 0 16 141 763 215 599 -1 -1 -1 -1 
568 0 19 349 788 168 494 -1 -1 -1 -1 
569 0 16 144 744 206 615 -1 -1 -1 -1 
569 0 19 345 783 168 475 -1 -1 -1 -1 
570 0 16 137 768 215 597 -1 -1 -1 -1 
570 0 19 349 786 160 453 -1 -1 -1 -1 
571 0 16 133 767 218 599 -1 -1 -1 -1 
571 0 19 344 785 163 435 -1 -1 -1 -1 
571 0 21 958 838 121 958 -1 -1 -1 -1 
572 0 16 129 741 223 628 -1 -1 -1 -1 
572 0 19 346 785 157 436 -1 -1 -1 -1 
572 0 21 936 835 143 968 -1 -1 -1 -1 
573 0 16 127 753 229 621 -1 -1 -1 -1 
573 0 19 342 781 158 439 -1 -1 -1 -1 
573 0 21 924 842 155 973 -1 -1 -1 -1 
574 0 16 101 746 352 631 -1 -1 -1 -1 
574 0 19 339 787 157 440 -1 -1 -1 -1 
574 0 21 908 847 171 950 -1 -1 -1 -1 
575 0 16 136 763 263 621 -1 -1 -1 -1 
575 0 19 334 774 158 435 -1 -1 -1 -1 
575 0 21 890 849 188 941 -1 -1 -1 -1 
576 0 16 141 754 238 637 -1 -1 -1 -1 
576 0 19 332 773 156 430 -1 -1 -1 -1 
577 0 16 134 749 263 647 -1 -1 -1 -1 
577 0 21 855 709 224 1068 -1 -1 -1 -1 
578 0 16 136 732 244 668 -1 -1 -1 -1 
578 0 19 333 772 148 433 -1 -1 -1 -1 
578 0 21 839 692 240 1078 -1 -1 -1 -1 
579 0 16 137 751 240 655 -1 -1 -1 -1 
579 0 19 333 773 117 429 -1 -1 -1 -1 
579 0 21 824 693 255 1065 -1 -1 -1 -1 
580 0 16 138 733 249 678 -1 -1 -1 -1 
580 0 19 324 775 145 422 -1 -1 -1 -1 
580 0 21 801 686 278 1062 -1 -1 -1 -1 
581 0 16 140 728 250 689 -1 -1 -1 -1 
581 0 19 321 774 145 418 -1 -1 -1 -1 
582 0 16 140 728 271 692 -1 -1 -1 -1 
582 0 21 726 685 353 1034 -1 -1 -1 -1 
583 0 16 142 723 269 701 -1 -1 -1 -1 
583 0 21 709 697 370 1003 -1 -1 -1 -1 
584 0 16 144 744 263 682 -1 -1 -1 -1 
584 0 21 692 694 387 999 -1 -1 -1 -1 
585 0 16 142 757 276 675 -1 -1 -1 -1 
585 0 21 696 689 382 987 -1 -1 -1 -1 
586 0 16 147 724 273 711 -1 -1 -1 -1 
586 0 21 698 693 381 967 -1 -1 -1 -1 
587 0 16 145 710 282 731 -1 -1 -1 -1 
587 0 21 676 689 403 962 -1 -1 -1 -1 
588 0 16 150 710 275 734 -1 -1 -1 -1 
588 0 21 667 681 412 964 -1 -1 -1 -1 
589 0 16 150 707 286 741 -1 -1 -1 -1 
589 0 21 651 667 428 973 -1 -1 -1 -1 
590 0 16 155 708 282 746 -1 -1 -1 -1 
590 0 21 636 662 443 954 -1 -1 -1 -1 
591 0 16 157 710 282 750 -1 -1 -1 -1 
591 0 21 619 663 458 964 -1 -1 -1 -1 
592 0 16 162 699 276 767 -1 -1 -1 -1 
592 0 21 604 667 462 955 -1 -1 -1 -1 
593 0 16 165 707 271 767 -1 -1 -1 -1 
593 0 21 590 684 431 930 -1 -1 -1 -1 
594 0 16 169 707 266 776 -1 -1 -1 -1 
594 0 21 580 690 396 923 -1 -1 -1 -1 
595 0 16 173 707 261 784 -1 -1 -1 -1 
595 0 21 567 690 361 908 -1 -1 -1 -1 
596 0 16 179 707 255 796 -1 -1 -1 -1 
596 0 21 557 692 326 903 -1 -1 -1 -1 
597 0 16 186 693 250 821 -1 -1 -1 -1 
597 0 21 544 693 293 846 -1 -1 -1 -1 
598 0 16 197 675 243 850 -1 -1 -1 -1 
598 0 21 529 688 290 893 -1 -1 -1 -1 
599 0 16 205 672 238 860 -1 -1 -1 -1 
599 0 21 517 687 289 877 -1 -1 -1 -1 
600 0 16 217 670 231 869 -1 -1 -1 -1 
600 0 21 508 688 287 873 -1 -1 -1 -1 
601 0 16 227 691 230 855 -1 -1 -1 -1 
601 0 21 502 689 280 862 -1 -1 -1 -1 
602 0 16 237 700 241 854 -1 -1 -1 -1 
602 0 21 491 688 279 857 -1 -1 -1 -1 
603 0 16 249 702 249 858 -1 -1 -1 -1 
603 0 21 483 686 280 852 -1 -1 -1 -1 
604 0 16 258 691 254 874 -1 -1 -1 -1 
604 0 21 473 687 290 840 -1 -1 -1 -1 
605 0 16 265 687 260 883 -1 -1 -1 -1 
605 0 21 466 687 297 838 -1 -1 -1 -1 
606 0 16 269 677 305 895 -1 -1 -1 -1 
606 0 21 471 684 292 784 -1 -1 -1 -1 
607 0 16 269 670 297 905 -1 -1 -1 -1 
607 0 21 471 681 290 824 -1 -1 -1 -1 
608 0 16 264 674 345 901 -1 -1 -1 -1 
609 0 16 266 668 486 910 -1 -1 -1 -1 
610 0 16 270 666 480 910 -1 -1 -1 -1 
611 0 16 272 663 457 915 -1 -1 -1 -1 
612 0 16 273 659 437 924 -1 -1 -1 -1 
613 0 16 272 661 420 925 -1 -1 -1 -1 
614 0 16 276 665 379 926 -1 -1 -1 -1 
615 0 16 277 668 386 930 -1 -1 -1 -1 
616 0 16 286 668 383 942 -1 -1 -1 -1 
617 0 16 298 670 375 944 -1 -1 -1 -1 
618 0 16 325 674 361 951 -1 -1 -1 -1 
618 0 23 276 765 127 410 -1 -1 -1 -1 
619 0 16 350 672 347 962 -1 -1 -1 -1 
619 0 23 274 766 130 415 -1 -1 -1 -1 
620 0 16 356 673 361 967 -1 -1 -1 -1 
620 0 23 274 773 128 411 -1 -1 -1 -1 
621 0 16 359 670 374 976 -1 -1 -1 -1 
621 0 23 274 775 127 411 -1 -1 -1 -1 
622 0 16 350 678 402 976 -1 -1 -1 -1 
622 0 23 275 756 132 433 -1 -1 -1 -1 
623 0 16 357 656 412 1003 -1 -1 -1 -1 
623 0 21 337 753 217 672 -1 -1 -1 -1 
623 0 23 276 753 131 439 -1 -1 -1 -1 
624 0 16 508 651 277 1013 -1 -1 -1 -1 
624 0 21 321 719 230 709 -1 -1 -1 -1 
624 0 23 281 758 123 436 -1 -1 -1 -1 
625 0 16 521 621 288 1054 -1 -1 -1 -1 
625 0 21 319 726 227 691 -1 -1 -1 -1 
625 0 23 285 747 132 449 -1 -1 -1 -1 
626 0 16 536 647 292 1036 -1 -1 -1 -1 
626 0 21 312 727 234 681 -1 -1 -1 -1 
626 0 23 288 745 128 453 -1 -1 -1 -1 
627 0 16 549 627 313 1064 -1 -1 -1 -1 
627 0 21 300 724 243 680 -1 -1 -1 -1 
627 0 23 290 752 112 444 -1 -1 -1 -1 
628 0 16 564 639 305 1059 -1 -1 -1 -1 
628 0 21 297 724 245 675 -1 -1 -1 -1 
628 0 23 291 750 102 435 -1 -1 -1 -1 
629 0 16 564 606 394 1103 -1 -1 -1 -1 
629 0 21 293 725 246 669 -1 -1 -1 -1 
629 0 23 292 744 94 447 -1 -1 -1 -1 
630 0 16 576 607 324 1111 -1 -1 -1 -1 
630 0 21 287 723 245 668 -1 -1 -1 -1 
631 0 16 567 598 359 1132 -1 -1 -1 -1 
631 0 21 282 727 243 662 -1 -1 -1 -1 
632 0 16 573 594 357 1145 -1 -1 -1 -1 
632 0 21 276 729 242 656 -1 -1 -1 -1 
633 0 16 580 581 412 1173 -1 -1 -1 -1 
633 0 21 272 735 236 647 -1 -1 -1 -1 
634 0 16 594 577 408 1192 -1 -1 -1 -1 
634 0 21 266 738 225 640 -1 -1 -1 -1 
635 0 16 611 572 418 1215 -1 -1 -1 -1 
635 0 21 261 743 219 638 -1 -1 -1 -1 
636 0 16 642 573 346 1224 -1 -1 -1 -1 
636 0 21 259 744 218 637 -1 -1 -1 -1 
637 0 16 665 575 336 1232 -1 -1 -1 -1 
637 0 21 255 743 220 633 -1 -1 -1 -1 
638 0 16 693 575 342 1241 -1 -1 -1 -1 
638 0 21 253 745 220 628 -1 -1 -1 -1 
639 0 16 704 568 364 1256 -1 -1 -1 -1 
639 0 21 251 747 219 623 -1 -1 -1 -1 
640 0 16 711 565 366 1262 -1 -1 -1 -1 
640 0 21 248 745 216 614 -1 -1 -1 -1 
641 0 16 712 563 366 1271 -1 -1 -1 -1 
641 0 21 248 746 209 613 -1 -1 -1 -1 
642 0 16 714 563 364 1275 -1 -1 -1 -1 
642 0 21 246 743 211 611 -1 -1 -1 -1 
643 0 16 720 563 359 1276 -1 -1 -1 -1 
643 0 21 243 744 212 607 -1 -1 -1 -1 
644 0 16 724 558 355 1301 -1 -1 -1 -1 
644 0 21 243 747 215 608 -1 -1 -1 -1 
645 0 16 731 558 348 1310 -1 -1 -1 -1 
645 0 21 240 751 218 589 -1 -1 -1 -1 
646 0 16 738 566 341 1211 -1 -1 -1 -1 
646 0 21 238 746 225 593 -1 -1 -1 -1 
647 0 16 751 564 328 1238 -1 -1 -1 -1 
647 0 21 238 736 225 603 -1 -1 -1 -1 
648 0 16 764 562 315 1241 -1 -1 -1 -1 
648 0 21 237 747 225 587 -1 -1 -1 -1 
649 0 16 780 560 299 1230 -1 -1 -1 -1 
649 0 21 237 739 226 594 -1 -1 -1 -1 
650 0 16 797 601 282 1134 -1 -1 -1 -1 
650 0 21 237 739 223 597 -1 -1 -1 -1 
651 0 16 813 590 266 1143 -1 -1 -1 -1 
651 0 21 236 742 217 585 -1 -1 -1 -1 
652 0 16 815 574 264 1102 -1 -1 -1 -1 
652 0 21 236 744 208 584 -1 -1 -1 -1 
653 0 16 826 574 253 1089 -1 -1 -1 -1 
654 0 21 232 749 199 574 -1 -1 -1 -1 
655 0 21 231 753 199 565 -1 -1 -1 -1 
656 0 21 230 756 203 559 -1 -1 -1 -1 
657 0 21 230 759 210 557 -1 -1 -1 -1 
658 0 21 228 759 211 521 -1 -1 -1 -1 
659 0 21 225 759 215 550 -1 -1 -1 -1 
660 0 21 223 758 227 540 -1 -1 -1 -1 
661 0 21 220 757 237 542 -1 -1 -1 -1 
662 0 21 215 757 268 549 -1 -1 -1 -1 
663 0 21 212 758 279 549 -1 -1 -1 -1 
664 0 21 209 755 287 550 -1 -1 -1 -1 
665 0 21 205 755 299 549 -1 -1 -1 -1 
666 0 21 204 756 303 547 -1 -1 -1 -1 
667 0 21 198 757 312 546 -1 -1 -1 -1 
668 0 21 197 757 312 545 -1 -1 -1 -1 
669 0 21 195 758 316 545 -1 -1 -1 -1 
670 0 21 192 757 321 535 -1 -1 -1 -1 
671 0 21 187 761 327 499 -1 -1 -1 -1 
672 0 21 185 760 327 517 -1 -1 -1 -1 
673 0 21 182 759 328 522 -1 -1 -1 -1 
674 0 21 178 759 333 511 -1 -1 -1 -1 
675 0 21 176 761 334 511 -1 -1 -1 -1 
676 0 21 160 762 349 523 -1 -1 -1 -1 
677 0 21 149 762 361 527 -1 -1 -1 -1 
678 0 21 154 762 357 515 -1 -1 -1 -1 
679 0 21 155 762 357 515 -1 -1 -1 -1 
680 0 21 152 761 361 533 -1 -1 -1 -1 
681 0 21 135 760 382 526 -1 -1 -1 -1 
682 0 21 139 760 381 510 -1 -1 -1 -1 
683 0 21 153 763 366 501 -1 -1 -1 -1 
684 0 21 166 764 353 497 -1 -1 -1 -1 
685 0 21 154 764 368 517 -1 -1 -1 -1 
686 0 21 150 766 373 514 -1 -1 -1 -1 
687 0 21 151 768 368 527 -1 -1 -1 -1 
688 0 21 142 769 378 519 -1 -1 -1 -1 
689 0 21 141 770 378 522 -1 -1 -1 -1 
690 0 21 141 767 378 525 -1 -1 -1 -1 
691 0 21 148 765 370 511 -1 -1 -1 -1 
692 0 21 157 768 362 518 -1 -1 -1 -1 
693 0 21 146 769 375 508 -1 -1 -1 -1 
694 0 21 156 772 364 514 -1 -1 -1 -1 
695 0 21 161 775 358 504 -1 -1 -1 -1 
696 0 21 162 772 358 498 -1 -1 -1 -1 
697 0 21 182 772 339 513 -1 -1 -1 -1 
698 0 21 193 771 310 508 -1 -1 -1 -1 
699 0 21 164 768 341 521 -1 -1 -1 -1 
700 0 21 196 768 310 514 -1 -1 -1 -1 
701 0 21 182 766 326 522 -1 -1 -1 -1 
702 0 21 202 768 316 509 -1 -1 -1 -1 
703 0 21 176 765 334 526 -1 -1 -1 -1 
704 0 21 170 766 357 531 -1 -1 -1 -1 
705 0 21 198 769 336 524 -1 -1 -1 -1 
706 0 21 174 772 369 531 -1 -1 -1 -1 
707 0 21 169 774 373 526 -1 -1 -1 -1 
708 0 21 173 775 370 526 -1 -1 -1 -1 
709 0 21 193 776 351 514 -1 -1 -1 -1 
710 0 21 195 778 355 515 -1 -1 -1 -1 
711 0 21 216 785 335 503 -1 -1 -1 -1 
712 0 21 220 780 332 507 -1 -1 -1 -1 
713 0 21 223 776 327 511 -1 -1 -1 -1 
714 0 21 213 773 335 517 -1 -1 -1 -1 
715 0 21 199 777 351 520 -1 -1 -1 -1 
716 0 21 223 778 326 519 -1 -1 -1 -1 
717 0 21 224 781 327 511 -1 -1 -1 -1 
718 0 21 227 781 324 512 -1 -1 -1 -1 
719 0 21 217 780 337 513 -1 -1 -1 -1 
720 0 21 219 779 334 513 -1 -1 -1 -1 
721 0 21 222 777 330 511 -1 -1 -1 -1 
722 0 21 204 778 348 515 -1 -1 -1 -1 
723 0 21 193 783 359 516 -1 -1 -1 -1 
724 0 21 204 781 347 514 -1 -1 -1 -1 
725 0 21 204 785 349 513 -1 -1 -1 -1 
726 0 21 198 788 356 524 -1 -1 -1 -1 
727 0 21 192 785 364 530 -1 -1 -1 -1 
728 0 21 188 789 370 529 -1 -1 -1 -1 
729 0 21 197 787 232 525 -1 -1 -1 -1 
730 0 21 189 788 233 529 -1 -1 -1 -1 
731 0 21 196 786 219 527 -1 -1 -1 -1 
731 0 26 390 799 178 371 -1 -1 -1 -1 
732 0 21 208 784 212 531 -1 -1 -1 -1 
732 0 26 392 798 180 376 -1 -1 -1 -1 
733 0 21 195 783 356 528 -1 -1 -1 -1 
733 0 26 390 793 181 383 -1 -1 -1 -1 
734 0 21 207 785 218 542 -1 -1 -1 -1 
734 0 26 391 797 183 383 -1 -1 -1 -1 
735 0 21 198 785 369 533 -1 -1 -1 -1 
736 0 21 210 784 362 528 -1 -1 -1 -1 
737 0 21 215 786 358 527 -1 -1 -1 -1 
738 0 21 196 788 378 527 -1 -1 -1 -1 
739 0 21 194 787 227 521 -1 -1 -1 -1 
739 0 26 439 801 133 401 -1 -1 -1 -1 
740 0 21 187 789 229 499 -1 -1 -1 -1 
740 0 26 447 800 130 404 -1 -1 -1 -1 
741 0 21 191 790 224 510 -1 -1 -1 -1 
741 0 26 452 805 127 399 -1 -1 -1 -1 
742 0 21 185 789 230 487 -1 -1 -1 -1 
742 0 26 456 800 124 403 -1 -1 -1 -1 
743 0 21 186 792 231 487 -1 -1 -1 -1 
743 0 26 459 796 122 413 -1 -1 -1 -1 
744 0 21 189 794 230 504 -1 -1 -1 -1 
744 0 26 467 794 114 412 -1 -1 -1 -1 
745 0 21 193 792 237 507 -1 -1 -1 -1 
746 0 21 195 809 238 495 -1 -1 -1 -1 
747 0 21 221 792 210 509 -1 -1 -1 -1 
748 0 21 253 791 175 501 -1 -1 -1 -1 
749 0 21 257 793 170 486 -1 -1 -1 -1 
750 0 21 259 793 170 485 -1 -1 -1 -1 
751 0 21 260 787 171 467 -1 -1 -1 -1 
752 0 21 262 790 175 444 -1 -1 -1 -1 
753 0 21 261 789 177 427 -1 -1 -1 -1 
753 0 26 488 788 141 439 -1 -1 -1 -1 
754 0 21 258 792 181 409 -1 -1 -1 -1 
754 0 26 490 789 144 441 -1 -1 -1 -1 
755 0 21 259 794 181 398 -1 -1 -1 -1 
755 0 26 490 791 149 444 -1 -1 -1 -1 
756 0 21 258 794 183 391 -1 -1 -1 -1 
756 0 26 490 793 155 446 -1 -1 -1 -1 
757 0 21 255 796 186 397 -1 -1 -1 -1 
757 0 26 493 793 157 449 -1 -1 -1 -1 
758 0 21 254 795 190 401 -1 -1 -1 -1 
758 0 26 495 793 159 451 -1 -1 -1 -1 
759 0 21 250 795 195 389 -1 -1 -1 -1 
759 0 26 497 798 159 449 -1 -1 -1 -1 
760 0 21 254 794 194 396 -1 -1 -1 -1 
760 0 26 498 794 160 454 -1 -1 -1 -1 
761 0 21 250 799 202 381 -1 -1 -1 -1 
761 0 26 498 795 162 455 -1 -1 -1 -1 
762 0 21 265 797 186 374 -1 -1 -1 -1 
762 0 26 499 795 164 455 -1 -1 -1 -1 
763 0 21 282 794 170 371 -1 -1 -1 -1 
763 0 26 498 791 167 460 -1 -1 -1 -1 
764 0 21 288 796 166 361 -1 -1 -1 -1 
764 0 26 498 793 168 460 -1 -1 -1 -1 
765 0 21 285 795 169 353 -1 -1 -1 -1 
765 0 26 497 787 172 467 -1 -1 -1 -1 
766 0 21 278 797 176 343 -1 -1 -1 -1 
766 0 26 496 788 177 469 -1 -1 -1 -1 
767 0 21 274 797 180 335 -1 -1 -1 -1 
767 0 26 495 788 180 472 -1 -1 -1 -1 
768 0 21 272 799 182 329 -1 -1 -1 -1 
768 0 26 491 786 185 477 -1 -1 -1 -1 
769 0 21 267 795 187 326 -1 -1 -1 -1 
769 0 26 492 785 186 481 -1 -1 -1 -1 
770 0 21 263 792 190 329 -1 -1 -1 -1 
770 0 26 490 781 190 489 -1 -1 -1 -1 
771 0 21 261 795 190 325 -1 -1 -1 -1 
772 0 21 261 795 190 320 -1 -1 -1 -1 
773 0 21 255 799 196 326 -1 -1 -1 -1 
773 0 26 499 782 188 502 -1 -1 -1 -1 
774 0 21 252 797 197 331 -1 -1 -1 -1 
774 0 26 502 777 187 520 -1 -1 -1 -1 
775 0 21 250 796 197 334 -1 -1 -1 -1 
775 0 26 506 776 177 526 -1 -1 -1 -1 
776 0 21 250 798 195 333 -1 -1 -1 -1 
776 0 26 512 775 184 531 -1 -1 -1 -1 
777 0 21 249 799 194 335 -1 -1 -1 -1 
777 0 26 516 777 183 534 -1 -1 -1 -1 
778 0 21 246 796 197 340 -1 -1 -1 -1 
778 0 26 528 778 179 537 -1 -1 -1 -1 
779 0 21 247 797 194 341 -1 -1 -1 -1 
779 0 26 535 776 178 541 -1 -1 -1 -1 
780 0 21 247 793 192 348 -1 -1 -1 -1 
780 0 26 539 773 178 547 -1 -1 -1 -1 
781 0 21 245 794 189 348 -1 -1 -1 -1 
781 0 26 545 771 177 551 -1 -1 -1 -1 
782 0 21 242 792 187 350 -1 -1 -1 -1 
782 0 26 546 769 191 557 -1 -1 -1 -1 
783 0 21 241 790 183 352 -1 -1 -1 -1 
783 0 26 547 764 241 560 -1 -1 -1 -1 
784 0 21 240 789 182 352 -1 -1 -1 -1 
784 0 26 549 763 266 565 -1 -1 -1 -1 
785 0 21 238 795 183 347 -1 -1 -1 -1 
785 0 26 558 761 246 568 -1 -1 -1 -1 
786 0 21 238 794 181 344 -1 -1 -1 -1 
786 0 26 567 759 268 572 -1 -1 -1 -1 
787 0 21 238 795 179 342 -1 -1 -1 -1 
787 0 26 568 760 253 573 -1 -1 -1 -1 
788 0 21 237 793 179 343 -1 -1 -1 -1 
788 0 26 568 757 264 578 -1 -1 -1 -1 
789 0 21 235 794 179 343 -1 -1 -1 -1 
789 0 26 570 759 228 584 -1 -1 -1 -1 
790 0 21 235 793 176 342 -1 -1 -1 -1 
790 0 26 577 763 219 588 -1 -1 -1 -1 
791 0 21 233 793 178 341 -1 -1 -1 -1 
791 0 26 581 759 225 594 -1 -1 -1 -1 
792 0 21 233 794 176 340 -1 -1 -1 -1 
792 0 26 589 756 227 611 -1 -1 -1 -1 
793 0 21 232 794 177 340 -1 -1 -1 -1 
793 0 26 603 757 227 617 -1 -1 -1 -1 
794 0 21 230 793 179 341 -1 -1 -1 -1 
794 0 26 620 759 221 622 -1 -1 -1 -1 
795 0 21 233 792 174 341 -1 -1 -1 -1 
795 0 26 641 764 221 616 -1 -1 -1 -1 
796 0 21 234 787 171 345 -1 -1 -1 -1 
796 0 26 661 761 220 628 -1 -1 -1 -1 
797 0 21 229 794 177 336 -1 -1 -1 -1 
797 0 26 672 755 222 645 -1 -1 -1 -1 
798 0 21 226 793 180 334 -1 -1 -1 -1 
798 0 26 679 752 234 649 -1 -1 -1 -1 
799 0 21 224 794 180 332 -1 -1 -1 -1 
800 0 21 222 791 181 328 -1 -1 -1 -1 
800 0 26 683 745 264 666 -1 -1 -1 -1 
801 0 21 225 791 177 328 -1 -1 -1 -1 
801 0 26 681 733 275 684 -1 -1 -1 -1 
802 0 21 227 789 175 327 -1 -1 -1 -1 
802 0 26 681 730 293 677 -1 -1 -1 -1 
803 0 21 227 789 174 326 -1 -1 -1 -1 
803 0 26 690 722 290 691 -1 -1 -1 -1 
804 0 21 229 784 170 328 -1 -1 -1 -1 
804 0 26 694 722 298 711 -1 -1 -1 -1 
805 0 21 228 783 170 327 -1 -1 -1 -1 
806 0 26 703 721 304 725 -1 -1 -1 -1 
807 0 21 207 783 192 325 -1 -1 -1 -1 
807 0 26 707 713 305 742 -1 -1 -1 -1 
808 0 21 201 784 196 323 -1 -1 -1 -1 
808 0 26 715 713 300 753 -1 -1 -1 -1 
809 0 21 198 785 198 323 -1 -1 -1 -1 
809 0 26 723 714 293 762 -1 -1 -1 -1 
810 0 21 200 787 196 321 -1 -1 -1 -1 
810 0 26 730 710 287 775 -1 -1 -1 -1 
811 0 21 203 788 190 318 -1 -1 -1 -1 
811 0 26 741 709 278 789 -1 -1 -1 -1 
812 0 21 200 787 192 318 -1 -1 -1 -1 
812 0 26 746 713 272 793 -1 -1 -1 -1 
813 0 21 200 788 190 318 -1 -1 -1 -1 
813 0 26 757 713 261 795 -1 -1 -1 -1 
814 0 21 199 788 190 317 -1 -1 -1 -1 
815 0 21 199 789 190 315 -1 -1 -1 -1 
815 0 26 770 700 282 835 -1 -1 -1 -1 
816 0 21 198 790 187 313 -1 -1 -1 -1 
816 0 26 774 708 285 834 -1 -1 -1 -1 
817 0 21 197 791 187 311 -1 -1 -1 -1 
818 0 26 796 704 283 844 -1 -1 -1 -1 
819 0 26 814 708 265 851 -1 -1 -1 -1 
820 0 21 194 791 187 310 -1 -1 -1 -1 
820 0 26 812 709 267 857 -1 -1 -1 -1 
821 0 21 196 793 185 308 -1 -1 -1 -1 
821 0 26 808 708 271 862 -1 -1 -1 -1 
822 0 21 192 793 190 307 -1 -1 -1 -1 
822 0 26 809 694 270 875 -1 -1 -1 -1 
823 0 21 190 794 191 305 -1 -1 -1 -1 
824 0 26 862 715 216 865 -1 -1 -1 -1 
825 0 26 868 715 210 866 -1 -1 -1 -1 
826 0 26 862 711 216 870 -1 -1 -1 -1 
827 0 26 862 709 216 877 -1 -1 -1 -1 
828 0 26 858 708 220 889 -1 -1 -1 -1 
829 0 26 858 709 220 890 -1 -1 -1 -1 
830 0 26 856 707 223 909 -1 -1 -1 -1 
831 0 26 858 708 221 909 -1 -1 -1 -1 
832 0 26 858 708 221 909 -1 -1 -1 -1 
833 0 26 861 711 217 901 -1 -1 -1 -1 
834 0 26 873 708 204 927 -1 -1 -1 -1 
835 0 26 878 707 200 832 -1 -1 -1 -1 
836 0 26 890 695 187 836 -1 -1 -1 -1 
837 0 21 172 789 197 310 -1 -1 -1 -1 
837 0 26 914 704 165 824 -1 -1 -1 -1 
838 0 21 170 788 199 311 -1 -1 -1 -1 
839 0 21 171 788 195 311 -1 -1 -1 -1 
839 0 26 966 687 113 789 -1 -1 -1 -1 
840 0 21 169 788 201 311 -1 -1 -1 -1 
841 0 21 169 788 203 312 -1 -1 -1 -1 
842 0 21 169 788 199 313 -1 -1 -1 -1 
843 0 21 166 788 204 317 -1 -1 -1 -1 
844 0 21 168 789 203 319 -1 -1 -1 -1 
845 0 21 168 788 203 318 -1 -1 -1 -1 
846 0 21 169 789 202 317 -1 -1 -1 -1 
847 0 21 167 789 205 317 -1 -1 -1 -1 
848 0 21 168 788 202 319 -1 -1 -1 -1 
849 0 21 167 786 202 320 -1 -1 -1 -1 
850 0 21 167 781 200 324 -1 -1 -1 -1 
851 0 21 168 787 197 320 -1 -1 -1 -1 
852 0 21 169 787 195 316 -1 -1 -1 -1 
853 0 21 170 785 193 317 -1 -1 -1 -1 
854 0 21 170 784 192 318 -1 -1 -1 -1 
857 0 21 178 784 184 318 -1 -1 -1 -1 
858 0 21 178 785 186 319 -1 -1 -1 -1 
860 0 21 196 787 167 319 -1 -1 -1 -1 
861 0 21 204 788 161 318 -1 -1 -1 -1 
862 0 21 211 785 155 322 -1 -1 -1 -1 
863 0 21 214 786 153 323 -1 -1 -1 -1 
864 0 21 214 787 155 323 -1 -1 -1 -1 
865 0 21 214 791 156 317 -1 -1 -1 -1 
866 0 21 214 791 158 317 -1 -1 -1 -1 
867 0 21 216 790 156 317 -1 -1 -1 -1 
868 0 21 215 788 157 319 -1 -1 -1 -1 
869 0 21 218 786 153 320 -1 -1 -1 -1 
870 0 21 216 787 154 320 -1 -1 -1 -1 
871 0 21 216 789 154 317 -1 -1 -1 -1 
872 0 21 215 789 156 316 -1 -1 -1 -1 
873 0 21 216 788 153 314 -1 -1 -1 -1 
874 0 21 217 785 151 317 -1 -1 -1 -1 
875 0 21 217 789 151 313 -1 -1 -1 -1 
876 0 21 217 790 152 312 -1 -1 -1 -1 
877 0 21 218 792 152 311 -1 -1 -1 -1 
878 0 21 219 789 149 315 -1 -1 -1 -1 
879 0 21 219 790 150 315 -1 -1 -1 -1 
880 0 21 218 790 152 315 -1 -1 -1 -1 
881 0 21 217 790 155 314 -1 -1 -1 -1 
882 0 21 216 789 156 315 -1 -1 -1 -1 
883 0 21 218 789 153 316 -1 -1 -1 -1 
884 0 21 217 790 157 317 -1 -1 -1 -1 
885 0 21 217 792 158 319 -1 -1 -1 -1 
886 0 21 220 793 155 321 -1 -1 -1 -1 
887 0 21 223 794 156 328 -1 -1 -1 -1 
888 0 21 229 794 163 335 -1 -1 -1 -1 
889 0 21 229 794 158 343 -1 -1 -1 -1 
890 0 21 231 784 158 359 -1 -1 -1 -1 
891 0 21 230 795 164 359 -1 -1 -1 -1 
892 0 21 231 797 167 367 -1 -1 -1 -1 
893 0 21 229 796 171 374 -1 -1 -1 -1 
894 0 21 232 797 170 379 -1 -1 -1 -1 
895 0 21 234 803 170 381 -1 -1 -1 -1 
896 0 21 236 799 168 393 -1 -1 -1 -1 
897 0 21 236 800 166 399 -1 -1 -1 -1 
898 0 21 237 800 165 403 -1 -1 -1 -1 
899 0 21 236 800 167 404 -1 -1 -1 -1 
900 0 21 238 803 164 408 -1 -1 -1 -1 
901 0 21 238 803 166 413 -1 -1 -1 -1 
902 0 21 239 804 165 416 -1 -1 -1 -1 
903 0 21 240 805 163 419 -1 -1 -1 -1 
904 0 21 241 808 161 421 -1 -1 -1 -1 
905 0 21 242 807 159 426 -1 -1 -1 -1 
906 0 21 242 807 160 431 -1 -1 -1 -1 
907 0 21 245 802 156 432 -1 -1 -1 -1 
908 0 21 247 801 152 446 -1 -1 -1 -1 
909 0 21 249 815 150 434 -1 -1 -1 -1 
910 0 21 256 808 141 443 -1 -1 -1 -1 
912 0 21 260 802 139 451 -1 -1 -1 -1 
913 0 21 256 798 144 434 -1 -1 -1 -1 
914 0 21 250 800 151 468 -1 -1 -1 -1 
915 0 21 245 800 156 434 -1 -1 -1 -1 
916 0 21 240 796 162 463 -1 -1 -1 -1 
917 0 21 237 797 166 467 -1 -1 -1 -1 
918 0 21 234 794 170 473 -1 -1 -1 -1 
919 0 21 230 793 175 478 -1 -1 -1 -1 
920 0 21 227 795 180 470 -1 -1 -1 -1 
921 0 21 226 794 182 475 -1 -1 -1 -1 
922 0 21 223 788 186 493 -1 -1 -1 -1 
923 0 21 221 789 189 497 -1 -1 -1 -1 
924 0 21 221 784 188 509 -1 -1 -1 -1 
925 0 21 219 780 192 516 -1 -1 -1 -1 
926 0 21 217 776 198 526 -1 -1 -1 -1 
927 0 21 215 774 203 527 -1 -1 -1 -1 
928 0 21 213 772 209 532 -1 -1 -1 -1 
929 0 21 213 772 210 538 -1 -1 -1 -1 
930 0 21 213 771 210 544 -1 -1 -1 -1 
931 0 21 213 771 209 546 -1 -1 -1 -1 
932 0 21 214 771 207 550 -1 -1 -1 -1 
933 0 21 214 771 204 551 -1 -1 -1 -1 
934 0 21 215 771 194 547 -1 -1 -1 -1 
935 0 21 216 773 189 560 -1 -1 -1 -1 
936 0 21 217 770 190 564 -1 -1 -1 -1 
937 0 21 220 767 191 557 -1 -1 -1 -1 
938 0 21 225 770 193 565 -1 -1 -1 -1 
939 0 21 230 767 197 563 -1 -1 -1 -1 
940 0 21 235 764 209 560 -1 -1 -1 -1 
941 0 21 239 760 236 576 -1 -1 -1 -1 
942 0 21 240 757 242 570 -1 -1 -1 -1 
943 0 21 239 755 236 577 -1 -1 -1 -1 
944 0 21 240 751 225 580 -1 -1 -1 -1 
945 0 21 238 749 233 580 -1 -1 -1 -1 
946 0 21 245 750 243 590 -1 -1 -1 -1 
947 0 21 247 747 252 587 -1 -1 -1 -1 
948 0 21 254 749 250 593 -1 -1 -1 -1 
949 0 21 271 748 243 603 -1 -1 -1 -1 
950 0 21 294 749 235 611 -1 -1 -1 -1 
951 0 21 314 748 228 613 -1 -1 -1 -1 
952 0 21 336 744 222 618 -1 -1 -1 -1 
953 0 21 362 745 220 623 -1 -1 -1 -1 
954 0 21 388 740 214 628 -1 -1 -1 -1 
955 0 21 397 733 229 637 -1 -1 -1 -1 
956 0 21 400 731 245 649 -1 -1 -1 -1 
957 0 21 407 734 255 648 -1 -1 -1 -1 
958 0 21 416 729 263 642 -1 -1 -1 -1 
959 0 21 424 729 270 641 -1 -1 -1 -1 
960 0 21 432 725 275 655 -1 -1 -1 -1 
961 0 21 438 720 282 668 -1 -1 -1 -1 
962 0 21 440 710 289 683 -1 -1 -1 -1 
963 0 21 442 709 295 690 -1 -1 -1 -1 
964 0 21 446 704 296 704 -1 -1 -1 -1 
965 0 21 448 710 296 711 -1 -1 -1 -1 
966 0 21 454 710 292 719 -1 -1 -1 -1 
967 0 21 465 709 283 727 -1 -1 -1 -1 
968 0 21 486 709 259 729 -1 -1 -1 -1 
969 0 21 502 705 243 732 -1 -1 -1 -1 
970 0 21 527 701 220 761 -1 -1 -1 -1 
971 0 21 557 701 204 770 -1 -1 -1 -1 
972 0 21 573 706 213 766 -1 -1 -1 -1 
973 0 21 592 701 222 784 -1 -1 -1 -1 
974 0 21 603 696 236 792 -1 -1 -1 -1 
975 0 21 611 696 248 794 -1 -1 -1 -1 
976 0 21 613 693 314 802 -1 -1 -1 -1 
977 0 21 615 689 391 809 -1 -1 -1 -1 
978 0 21 617 684 441 814 -1 -1 -1 -1 
979 0 21 624 682 450 816 -1 -1 -1 -1 
980 0 21 625 676 448 822 -1 -1 -1 -1 
981 0 21 624 669 452 839 -1 -1 -1 -1 
982 0 21 626 667 451 846 -1 -1 -1 -1 
983 0 21 632 671 446 850 -1 -1 -1 -1 
984 0 21 640 673 437 854 -1 -1 -1 -1 
985 0 21 658 672 414 865 -1 -1 -1 -1 
986 0 21 679 668 393 876 -1 -1 -1 -1 
987 0 21 703 669 370 876 -1 -1 -1 -1 
988 0 21 733 668 346 901 -1 -1 -1 -1 
989 0 21 766 669 313 909 -1 -1 -1 -1 
990 0 21 805 668 274 837 -1 -1 -1 -1 
991 0 21 850 672 229 919 -1 -1 -1 -1 
992 0 21 895 669 184 931 -1 -1 -1 -1 
993 0 21 911 669 168 933 -1 -1 -1 -1 
994 0 21 920 668 159 931 -1 -1 -1 -1 
995 0 21 932 668 146 924 -1 -1 -1 -1 
996 0 21 942 660 136 870 -1 -1 -1 -1 
997 0 21 952 660 126 848 -1 -1 -1 -1 
998 0 21 968 665 111 866 -1 -1 -1 -1 
999 0 21 973 665 106 868 -1 -1 -1 -1 
1000 0 21 980 675 99 847 -1 -1 -1 -1 
1001 0 21 984 673 95 821 -1 -1 -1 -1 
1002 0 21 986 676 93 782 -1 -1 -1 -1 
1003 0 21 982 674 97 786 -1 -1 -1 -1 
1053 0 28 878 667 120 335 -1 -1 -1 -1 
1054 0 28 832 675 120 332 -1 -1 -1 -1 
1055 0 28 790 681 114 328 -1 -1 -1 -1 
1055 0 29 871 621 204 652 -1 -1 -1 -1 
1056 0 28 751 690 109 317 -1 -1 -1 -1 
1056 0 29 908 644 171 657 -1 -1 -1 -1 
1057 0 28 723 693 105 298 -1 -1 -1 -1 
1057 0 29 843 586 236 697 -1 -1 -1 -1 
1058 0 28 701 693 103 316 -1 -1 -1 -1 
1058 0 29 806 585 268 687 -1 -1 -1 -1 
1059 0 28 675 691 98 281 -1 -1 -1 -1 
1059 0 29 719 592 328 681 -1 -1 -1 -1 
1060 0 28 644 694 94 272 -1 -1 -1 -1 
1060 0 29 697 601 319 664 -1 -1 -1 -1 
1061 0 29 755 605 239 654 -1 -1 -1 -1 
1061 0 31 989 631 89 489 -1 -1 -1 -1 
1062 0 28 625 700 76 269 -1 -1 -1 -1 
1062 0 29 700 611 271 648 -1 -1 -1 -1 
1062 0 31 968 640 111 483 -1 -1 -1 -1 
1063 0 28 609 701 71 272 -1 -1 -1 -1 
1063 0 29 721 619 231 635 -1 -1 -1 -1 
1063 0 31 946 643 133 486 -1 -1 -1 -1 
1064 0 28 596 709 66 263 -1 -1 -1 -1 
1064 0 29 704 631 235 619 -1 -1 -1 -1 
1064 0 31 930 648 149 490 -1 -1 -1 -1 
1065 0 28 573 712 63 257 -1 -1 -1 -1 
1065 0 29 683 636 244 610 -1 -1 -1 -1 
1066 0 29 683 638 229 608 -1 -1 -1 -1 
1066 0 31 901 653 176 530 -1 -1 -1 -1 
1067 0 29 666 646 233 598 -1 -1 -1 -1 
1067 0 31 884 659 184 529 -1 -1 -1 -1 
1068 0 29 655 655 231 588 -1 -1 -1 -1 
1068 0 31 828 661 228 525 -1 -1 -1 -1 
1069 0 29 646 655 231 585 -1 -1 -1 -1 
1069 0 31 817 668 231 489 -1 -1 -1 -1 
1070 0 28 544 734 44 247 -1 -1 -1 -1 
1070 0 29 627 661 233 577 -1 -1 -1 -1 
1070 0 31 806 668 235 495 -1 -1 -1 -1 
1071 0 28 530 737 41 244 -1 -1 -1 -1 
1071 0 29 621 663 216 572 -1 -1 -1 -1 
1072 0 29 603 667 221 568 -1 -1 -1 -1 
1072 0 31 792 668 242 506 -1 -1 -1 -1 
1073 0 29 587 673 219 557 -1 -1 -1 -1 
1073 0 31 785 669 246 510 -1 -1 -1 -1 
1074 0 29 581 675 214 551 -1 -1 -1 -1 
1074 0 31 781 669 251 527 -1 -1 -1 -1 
1075 0 29 571 677 223 547 -1 -1 -1 -1 
1075 0 31 774 667 258 526 -1 -1 -1 -1 
1076 0 29 574 677 214 545 -1 -1 -1 -1 
1076 0 31 771 666 260 531 -1 -1 -1 -1 
1077 0 29 552 676 235 545 -1 -1 -1 -1 
1077 0 31 769 666 260 532 -1 -1 -1 -1 
1078 0 29 547 676 234 544 -1 -1 -1 -1 
1078 0 31 770 667 263 562 -1 -1 -1 -1 
1079 0 29 557 676 242 538 -1 -1 -1 -1 
1079 0 31 767 666 267 569 -1 -1 -1 -1 
1080 0 29 549 678 244 537 -1 -1 -1 -1 
1081 0 29 564 677 219 533 -1 -1 -1 -1 
1081 0 31 763 669 278 549 -1 -1 -1 -1 
1082 0 29 565 677 215 528 -1 -1 -1 -1 
1082 0 31 768 668 279 562 -1 -1 -1 -1 
1083 0 29 574 678 212 520 -1 -1 -1 -1 
1083 0 31 775 668 276 568 -1 -1 -1 -1 
1084 0 29 592 679 197 517 -1 -1 -1 -1 
1084 0 31 776 667 281 570 -1 -1 -1 -1 
1085 0 29 598 680 183 512 -1 -1 -1 -1 
1085 0 31 777 667 283 570 -1 -1 -1 -1 
1086 0 28 544 730 48 246 -1 -1 -1 -1 
1086 0 29 608 679 178 507 -1 -1 -1 -1 
1086 0 31 778 669 282 574 -1 -1 -1 -1 
1087 0 28 544 728 49 244 -1 -1 -1 -1 
1087 0 29 609 681 180 502 -1 -1 -1 -1 
1087 0 31 775 670 289 573 -1 -1 -1 -1 
1088 0 28 544 728 49 243 -1 -1 -1 -1 
1088 0 29 605 680 190 498 -1 -1 -1 -1 
1089 0 29 614 681 180 494 -1 -1 -1 -1 
1089 0 31 772 668 288 612 -1 -1 -1 -1 
1090 0 29 619 683 174 491 -1 -1 -1 -1 
1090 0 31 770 670 288 604 -1 -1 -1 -1 
1091 0 29 617 684 176 488 -1 -1 -1 -1 
1091 0 31 770 672 284 611 -1 -1 -1 -1 
1092 0 29 618 683 203 490 -1 -1 -1 -1 
1092 0 31 763 662 289 599 -1 -1 -1 -1 
1093 0 29 625 683 195 487 -1 -1 -1 -1 
1093 0 31 757 666 290 592 -1 -1 -1 -1 
1094 0 29 628 685 213 483 -1 -1 -1 -1 
1094 0 31 751 667 295 589 -1 -1 -1 -1 
1095 0 29 628 688 165 481 -1 -1 -1 -1 
1095 0 31 748 659 293 604 -1 -1 -1 -1 
1096 0 29 625 688 176 481 -1 -1 -1 -1 
1096 0 31 745 657 291 625 -1 -1 -1 -1 
1097 0 29 626 690 173 483 -1 -1 -1 -1 
1097 0 31 742 658 289 632 -1 -1 -1 -1 
1098 0 28 543 752 49 217 -1 -1 -1 -1 
1098 0 29 625 689 179 482 -1 -1 -1 -1 
1098 0 31 733 659 292 635 -1 -1 -1 -1 
1099 0 28 543 761 55 208 -1 -1 -1 -1 
1099 0 29 626 693 153 475 -1 -1 -1 -1 
1099 0 31 725 665 294 629 -1 -1 -1 -1 
1100 0 28 544 763 54 206 -1 -1 -1 -1 
1100 0 29 626 690 163 474 -1 -1 -1 -1 
1101 0 29 627 692 166 478 -1 -1 -1 -1 
1101 0 31 638 667 376 646 -1 -1 -1 -1 
1102 0 29 627 693 165 476 -1 -1 -1 -1 
1103 0 29 627 691 183 491 -1 -1 -1 -1 
1103 0 31 704 660 305 668 -1 -1 -1 -1 
1104 0 29 628 691 184 492 -1 -1 -1 -1 
1105 0 31 654 658 354 678 -1 -1 -1 -1 
1106 0 31 705 656 299 684 -1 -1 -1 -1 
1107 0 31 643 653 363 710 -1 -1 -1 -1 
1108 0 31 647 643 358 709 -1 -1 -1 -1 
1109 0 31 638 638 365 735 -1 -1 -1 -1 
1110 0 29 633 689 180 575 -1 -1 -1 -1 
1110 0 31 641 632 358 735 -1 -1 -1 -1 
1111 0 29 633 690 181 581 -1 -1 -1 -1 
1112 0 29 631 685 185 497 -1 -1 -1 -1 
1112 0 31 639 628 359 760 -1 -1 -1 -1 
1113 0 29 633 689 170 479 -1 -1 -1 -1 
1113 0 31 685 618 310 783 -1 -1 -1 -1 
1114 0 29 609 694 202 565 -1 -1 -1 -1 
1114 0 31 705 617 283 805 -1 -1 -1 -1 
1115 0 29 616 688 197 582 -1 -1 -1 -1 
1115 0 31 691 613 295 807 -1 -1 -1 -1 
1116 0 29 616 688 196 586 -1 -1 -1 -1 
1116 0 31 686 614 294 808 -1 -1 -1 -1 
1117 0 29 630 684 164 508 -1 -1 -1 -1 
1117 0 31 672 613 303 818 -1 -1 -1 -1 
1118 0 29 586 693 208 462 -1 -1 -1 -1 
1118 0 31 671 612 297 833 -1 -1 -1 -1 
1119 0 29 592 697 193 467 -1 -1 -1 -1 
1119 0 31 669 613 290 829 -1 -1 -1 -1 
1120 0 29 627 698 164 577 -1 -1 -1 -1 
1120 0 31 708 614 240 830 -1 -1 -1 -1 
1121 0 29 624 695 177 606 -1 -1 -1 -1 
1121 0 31 737 616 202 839 -1 -1 -1 -1 
1122 0 29 627 697 166 606 -1 -1 -1 -1 
1122 0 31 703 616 231 847 -1 -1 -1 -1 
1123 0 29 626 696 169 619 -1 -1 -1 -1 
1124 0 31 638 620 290 859 -1 -1 -1 -1 
1125 0 31 631 621 295 874 -1 -1 -1 -1 
1126 0 31 636 622 292 876 -1 -1 -1 -1 
1127 0 31 649 623 249 879 -1 -1 -1 -1 
1128 0 31 645 623 256 885 -1 -1 -1 -1 
1129 0 31 635 622 263 884 -1 -1 -1 -1 
1130 0 31 624 623 275 890 -1 -1 -1 -1 
1131 0 31 573 623 329 887 -1 -1 -1 -1 
1132 0 31 594 623 303 881 -1 -1 -1 -1 
1133 0 31 607 621 295 882 -1 -1 -1 -1 
1134 0 31 601 621 308 888 -1 -1 -1 -1 
1135 0 31 598 621 309 896 -1 -1 -1 -1 
1136 0 31 592 625 308 874 -1 -1 -1 -1 
1137 0 31 595 637 285 876 -1 -1 -1 -1 
1138 0 31 590 635 273 903 -1 -1 -1 -1 
1139 0 31 583 647 286 893 -1 -1 -1 -1 
1140 0 29 715 697 163 442 -1 -1 -1 -1 
1140 0 31 550 645 233 891 -1 -1 -1 -1 
1141 0 29 713 705 171 431 -1 -1 -1 -1 
1141 0 31 516 690 223 860 -1 -1 -1 -1 
1142 0 29 707 709 184 431 -1 -1 -1 -1 
1142 0 31 490 653 235 912 -1 -1 -1 -1 
1143 0 29 707 705 191 442 -1 -1 -1 -1 
1143 0 31 467 652 255 912 -1 -1 -1 -1 
1144 0 29 710 705 198 439 -1 -1 -1 -1 
1144 0 31 450 649 274 914 -1 -1 -1 -1 
1145 0 29 714 706 201 437 -1 -1 -1 -1 
1145 0 31 438 647 294 909 -1 -1 -1 -1 
1146 0 29 706 707 216 437 -1 -1 -1 -1 
1146 0 31 425 638 309 933 -1 -1 -1 -1 
1147 0 29 714 704 218 440 -1 -1 -1 -1 
1147 0 31 415 631 326 915 -1 -1 -1 -1 
1148 0 29 714 704 225 441 -1 -1 -1 -1 
1148 0 31 406 641 340 915 -1 -1 -1 -1 
1149 0 29 714 703 233 443 -1 -1 -1 -1 
1149 0 31 402 631 348 943 -1 -1 -1 -1 
1150 0 29 712 703 245 444 -1 -1 -1 -1 
1150 0 31 382 634 375 955 -1 -1 -1 -1 
1151 0 29 711 704 255 443 -1 -1 -1 -1 
1151 0 31 383 628 378 965 -1 -1 -1 -1 
1152 0 29 717 704 251 443 -1 -1 -1 -1 
1152 0 31 383 632 378 971 -1 -1 -1 -1 
1153 0 29 726 704 262 445 -1 -1 -1 -1 
1153 0 31 382 621 376 975 -1 -1 -1 -1 
1154 0 29 741 702 249 449 -1 -1 -1 -1 
1154 0 31 376 637 382 953 -1 -1 -1 -1 
1155 0 29 719 701 285 451 -1 -1 -1 -1 
1155 0 31 371 678 381 949 -1 -1 -1 -1 
1156 0 29 728 700 283 452 -1 -1 -1 -1 
1156 0 31 363 631 400 1003 -1 -1 -1 -1 
1157 0 29 754 699 269 452 -1 -1 -1 -1 
1157 0 31 358 715 383 921 -1 -1 -1 -1 
1158 0 29 762 698 283 453 -1 -1 -1 -1 
1158 0 31 353 697 387 955 -1 -1 -1 -1 
1159 0 29 779 694 278 455 -1 -1 -1 -1 
1159 0 31 349 682 387 964 -1 -1 -1 -1 
1160 0 29 786 693 276 455 -1 -1 -1 -1 
1160 0 31 345 701 379 958 -1 -1 -1 -1 
1161 0 29 801 692 276 454 -1 -1 -1 -1 
1161 0 31 343 713 368 937 -1 -1 -1 -1 
1162 0 29 815 690 261 455 -1 -1 -1 -1 
1162 0 31 340 721 346 909 -1 -1 -1 -1 
1163 0 29 814 689 264 454 -1 -1 -1 -1 
1163 0 31 336 692 323 951 -1 -1 -1 -1 
1164 0 29 828 686 251 457 -1 -1 -1 -1 
1164 0 31 335 688 295 946 -1 -1 -1 -1 
1165 0 29 844 683 235 459 -1 -1 -1 -1 
1165 0 31 337 706 284 937 -1 -1 -1 -1 
1166 0 29 882 683 196 455 -1 -1 -1 -1 
1166 0 31 337 689 313 904 -1 -1 -1 -1 
1167 0 29 884 681 195 455 -1 -1 -1 -1 
1167 0 31 340 710 319 897 -1 -1 -1 -1 
1168 0 29 905 676 174 459 -1 -1 -1 -1 
1168 0 31 343 707 335 898 -1 -1 -1 -1 
1169 0 29 921 674 157 461 -1 -1 -1 -1 
1169 0 31 342 693 354 920 -1 -1 -1 -1 
1170 0 29 922 673 156 461 -1 -1 -1 -1 
1170 0 31 346 682 362 920 -1 -1 -1 -1 
1171 0 29 945 669 134 439 -1 -1 -1 -1 
1171 0 31 351 680 379 912 -1 -1 -1 -1 
1172 0 29 983 670 96 385 -1 -1 -1 -1 
1172 0 31 358 682 392 898 -1 -1 -1 -1 
1173 0 29 1002 688 77 369 -1 -1 -1 -1 
1173 0 31 365 675 394 882 -1 -1 -1 -1 
1174 0 29 1021 684 58 376 -1 -1 -1 -1 
1174 0 31 369 674 402 882 -1 -1 -1 -1 
1175 0 29 1014 690 63 370 -1 -1 -1 -1 
1175 0 31 376 672 396 872 -1 -1 -1 -1 
1176 0 29 1025 691 54 363 -1 -1 -1 -1 
1177 0 31 390 685 346 853 -1 -1 -1 -1 
1178 0 31 393 683 323 832 -1 -1 -1 -1 
1179 0 31 398 686 296 793 -1 -1 -1 -1 
1180 0 31 402 663 264 830 -1 -1 -1 -1 
1181 0 31 404 659 249 801 -1 -1 -1 -1 
1182 0 31 405 665 251 798 -1 -1 -1 -1 
1183 0 31 408 673 253 816 -1 -1 -1 -1 
1184 0 31 409 674 258 798 -1 -1 -1 -1 
1185 0 31 406 674 273 798 -1 -1 -1 -1 
1186 0 31 406 673 285 795 -1 -1 -1 -1 
1187 0 31 403 668 297 790 -1 -1 -1 -1 
1188 0 31 400 664 310 790 -1 -1 -1 -1 
1189 0 31 397 666 320 785 -1 -1 -1 -1 
1190 0 31 391 668 338 770 -1 -1 -1 -1 
1191 0 31 386 663 344 726 -1 -1 -1 -1 
1192 0 31 383 668 358 743 -1 -1 -1 -1 
1193 0 31 380 670 365 747 -1 -1 -1 -1 
1194 0 31 375 674 363 727 -1 -1 -1 -1 
1195 0 31 371 682 349 670 -1 -1 -1 -1 
1196 0 31 369 676 329 679 -1 -1 -1 -1 
1197 0 31 369 683 300 704 -1 -1 -1 -1 
1198 0 31 368 680 276 714 -1 -1 -1 -1 
1199 0 31 364 678 252 717 -1 -1 -1 -1 
1200 0 31 363 676 223 722 -1 -1 -1 -1 
1201 0 31 359 670 221 734 -1 -1 -1 -1 
1202 0 31 357 672 226 725 -1 -1 -1 -1 
1203 0 31 353 673 242 722 -1 -1 -1 -1 
1204 0 31 352 672 246 704 -1 -1 -1 -1 
1205 0 31 351 675 256 695 -1 -1 -1 -1 
1206 0 31 346 679 263 685 -1 -1 -1 -1 
1207 0 31 344 677 271 675 -1 -1 -1 -1 
1208 0 31 345 699 261 647 -1 -1 -1 -1 
1209 0 31 343 694 263 645 -1 -1 -1 -1 
1210 0 31 340 700 261 633 -1 -1 -1 -1 
1211 0 31 338 678 266 653 -1 -1 -1 -1 
1212 0 31 336 681 250 649 -1 -1 -1 -1 
1213 0 31 336 679 228 650 -1 -1 -1 -1 
1214 0 31 330 681 225 646 -1 -1 -1 -1 
1215 0 31 330 681 195 643 -1 -1 -1 -1 
1216 0 31 326 679 192 638 -1 -1 -1 -1 
1217 0 31 325 681 191 631 -1 -1 -1 -1 
1218 0 31 324 685 189 630 -1 -1 -1 -1 
1219 0 31 323 710 188 600 -1 -1 -1 -1 
1220 0 31 321 693 189 611 -1 -1 -1 -1 
1221 0 31 317 698 203 605 -1 -1 -1 -1 
1222 0 31 314 701 198 597 -1 -1 -1 -1 
1223 0 31 308 704 210 593 -1 -1 -1 -1 
1225 0 31 301 703 218 585 -1 -1 -1 -1 
1226 0 31 296 703 223 580 -1 -1 -1 -1 
1227 0 31 290 704 235 581 -1 -1 -1 -1 
1228 0 31 284 710 233 586 -1 -1 -1 -1 
1229 0 31 278 717 228 577 -1 -1 -1 -1 
1230 0 31 272 725 225 570 -1 -1 -1 -1 
1231 0 31 261 728 221 558 -1 -1 -1 -1 
1232 0 31 261 730 214 559 -1 -1 -1 -1 
1233 0 31 241 735 208 519 -1 -1 -1 -1 
1234 0 31 239 733 192 551 -1 -1 -1 -1 
1235 0 31 249 736 173 549 -1 -1 -1 -1 
1236 0 31 243 732 172 542 -1 -1 -1 -1 
1237 0 31 241 741 170 554 -1 -1 -1 -1 
1238 0 31 239 741 166 544 -1 -1 -1 -1 
1239 0 31 236 745 165 543 -1 -1 -1 -1 
1240 0 31 235 748 162 538 -1 -1 -1 -1 
1241 0 31 234 747 165 539 -1 -1 -1 -1 
1242 0 31 233 748 161 529 -1 -1 -1 -1 
1243 0 31 232 736 166 543 -1 -1 -1 -1 
1244 0 31 231 736 178 545 -1 -1 -1 -1 
1245 0 31 231 740 172 534 -1 -1 -1 -1 
1246 0 31 231 747 167 525 -1 -1 -1 -1 
1247 0 31 231 747 150 520 -1 -1 -1 -1 
1248 0 31 232 765 145 503 -1 -1 -1 -1 
1249 0 31 233 775 138 489 -1 -1 -1 -1 
1250 0 31 226 777 144 486 -1 -1 -1 -1 
1251 0 31 221 782 146 483 -1 -1 -1 -1 
1252 0 31 214 784 151 483 -1 -1 -1 -1 
1253 0 31 214 784 148 487 -1 -1 -1 -1 
1254 0 31 212 783 147 496 -1 -1 -1 -1 
1255 0 31 211 786 146 497 -1 -1 -1 -1 
1256 0 31 209 787 147 489 -1 -1 -1 -1 
1257 0 31 206 790 150 476 -1 -1 -1 -1 
1262 0 31 210 801 146 420 -1 -1 -1 -1 
1263 0 31 211 805 144 407 -1 -1 -1 -1 
1265 0 31 210 809 147 397 -1 -1 -1 -1 
1266 0 31 210 809 151 379 -1 -1 -1 -1 
1267 0 31 212 812 147 384 -1 -1 -1 -1 
1269 0 31 214 812 146 368 -1 -1 -1 -1 
1283 0 31 184 830 189 371 -1 -1 -1 -1 
1285 0 31 171 836 203 379 -1 -1 -1 -1 
1286 0 31 165 835 212 383 -1 -1 -1 -1 
1287 0 31 162 839 216 393 -1 -1 -1 -1 
1288 0 31 158 837 222 395 -1 -1 -1 -1 
1289 0 31 155 838 225 406 -1 -1 -1 -1 
1290 0 31 153 837 228 412 -1 -1 -1 -1 
1291 0 31 146 836 239 412 -1 -1 -1 -1 
1292 0 31 144 832 242 419 -1 -1 -1 -1 
1293 0 31 149 831 237 425 -1 -1 -1 -1 
1294 0 31 146 830 239 427 -1 -1 -1 -1 
1295 0 31 156 832 224 426 -1 -1 -1 -1 
1296 0 31 170 834 209 427 -1 -1 -1 -1 
1297 0 31 184 833 195 427 -1 -1 -1 -1 
1298 0 31 209 832 172 431 -1 -1 -1 -1 
1299 0 31 231 831 152 437 -1 -1 -1 -1 
1300 0 31 245 828 139 439 -1 -1 -1 -1 
1301 0 31 259 826 127 442 -1 -1 -1 -1 
1302 0 31 268 831 116 437 -1 -1 -1 -1 
1303 0 31 273 833 126 437 -1 -1 -1 -1 
1304 0 31 275 832 149 439 -1 -1 -1 -1 
1305 0 31 279 835 168 439 -1 -1 -1 -1 
1306 0 31 280 832 180 443 -1 -1 -1 -1 
1307 0 31 283 834 187 443 -1 -1 -1 -1 
1308 0 31 285 836 193 444 -1 -1 -1 -1 
1309 0 31 285 834 203 446 -1 -1 -1 -1 
1310 0 31 281 816 212 467 -1 -1 -1 -1 
1311 0 31 271 843 220 442 -1 -1 -1 -1 
1312 0 31 267 833 215 452 -1 -1 -1 -1 
1313 0 31 256 824 216 466 -1 -1 -1 -1 
1314 0 31 245 830 217 464 -1 -1 -1 -1 
1315 0 31 229 830 218 466 -1 -1 -1 -1 
1316 0 31 217 832 213 467 -1 -1 -1 -1 
1317 0 31 200 830 219 470 -1 -1 -1 -1 
1318 0 31 187 831 218 472 -1 -1 -1 -1 
1319 0 31 173 832 221 473 -1 -1 -1 -1 
1320 0 31 165 829 221 483 -1 -1 -1 -1 
1321 0 31 156 836 224 484 -1 -1 -1 -1 
1322 0 31 151 838 222 489 -1 -1 -1 -1 
1323 0 31 144 840 226 494 -1 -1 -1 -1 
1324 0 31 140 843 230 500 -1 -1 -1 -1 
1325 0 31 136 842 231 510 -1 -1 -1 -1 
1326 0 31 137 844 231 515 -1 -1 -1 -1 
1327 0 31 136 849 232 521 -1 -1 -1 -1 
1328 0 31 137 854 229 522 -1 -1 -1 -1 
1329 0 31 137 855 232 522 -1 -1 -1 -1 
1330 0 31 135 856 236 523 -1 -1 -1 -1 
1331 0 31 131 854 240 529 -1 -1 -1 -1 
1332 0 31 126 856 245 534 -1 -1 -1 -1 
1333 0 31 119 854 252 537 -1 -1 -1 -1 
1334 0 31 114 830 260 568 -1 -1 -1 -1 
1335 0 31 112 847 265 551 -1 -1 -1 -1 
1336 0 31 108 840 271 559 -1 -1 -1 -1 
1337 0 31 107 843 274 562 -1 -1 -1 -1 
1338 0 31 104 842 278 571 -1 -1 -1 -1 
1339 0 31 103 843 276 581 -1 -1 -1 -1 
1340 0 31 110 844 263 594 -1 -1 -1 -1 
1341 0 31 115 851 257 593 -1 -1 -1 -1 
1342 0 31 121 842 247 611 -1 -1 -1 -1 
1343 0 31 131 855 234 613 -1 -1 -1 -1 
1344 0 31 138 848 225 626 -1 -1 -1 -1 
1345 0 31 150 835 212 645 -1 -1 -1 -1 
1346 0 31 160 828 201 657 -1 -1 -1 -1 
1347 0 31 171 825 191 665 -1 -1 -1 -1 
1348 0 31 174 823 192 673 -1 -1 -1 -1 
1349 0 31 173 820 198 679 -1 -1 -1 -1 
1350 0 31 171 818 204 685 -1 -1 -1 -1 
1351 0 31 170 805 212 701 -1 -1 -1 -1 
1352 0 31 169 798 220 711 -1 -1 -1 -1 
1353 0 31 167 790 230 722 -1 -1 -1 -1 
1354 0 31 164 789 243 728 -1 -1 -1 -1 
1355 0 31 162 816 254 703 -1 -1 -1 -1 
1356 0 31 156 813 271 712 -1 -1 -1 -1 
1357 0 31 153 812 288 722 -1 -1 -1 -1 
1358 0 31 153 802 303 737 -1 -1 -1 -1 
1359 0 31 159 796 311 749 -1 -1 -1 -1 
1360 0 31 173 790 312 760 -1 -1 -1 -1 
1361 0 31 189 789 311 768 -1 -1 -1 -1 
1362 0 31 218 787 300 775 -1 -1 -1 -1 
1363 0 31 262 788 271 783 -1 -1 -1 -1 
1364 0 31 276 782 273 793 -1 -1 -1 -1 
1365 0 31 281 773 285 807 -1 -1 -1 -1 
1366 0 31 285 765 297 816 -1 -1 -1 -1 
1367 0 31 285 758 314 831 -1 -1 -1 -1 
1368 0 31 286 752 328 841 -1 -1 -1 -1 
1369 0 31 287 748 341 853 -1 -1 -1 -1 
1370 0 31 286 763 354 839 -1 -1 -1 -1 
1371 0 31 293 761 357 852 -1 -1 -1 -1 
1372 0 31 299 762 358 866 -1 -1 -1 -1 
1373 0 31 316 758 346 885 -1 -1 -1 -1 
1374 0 31 340 764 325 894 -1 -1 -1 -1 
1375 0 31 367 765 306 910 -1 -1 -1 -1 
1376 0 31 395 763 285 930 -1 -1 -1 -1 
1377 0 31 410 721 285 985 -1 -1 -1 -1 
1378 0 31 464 733 258 990 -1 -1 -1 -1 
1379 0 31 508 718 244 1014 -1 -1 -1 -1 
1380 0 31 518 732 261 1006 -1 -1 -1 -1 
1381 0 31 520 751 279 992 -1 -1 -1 -1 
1382 0 31 514 741 306 1012 -1 -1 -1 -1 
1383 0 31 518 748 326 1007 -1 -1 -1 -1 
1384 0 31 515 735 383 1026 -1 -1 -1 -1 
1385 0 31 508 722 487 1042 -1 -1 -1 -1 
1386 0 31 517 717 452 1047 -1 -1 -1 -1 
1387 0 31 504 715 482 1049 -1 -1 -1 -1 
1388 0 31 516 722 468 1042 -1 -1 -1 -1 
1389 0 31 520 724 478 1042 -1 -1 -1 -1 
1390 0 31 512 725 494 1043 -1 -1 -1 -1 
1391 0 31 520 725 487 1048 -1 -1 -1 -1 
1392 0 31 530 728 474 1048 -1 -1 -1 -1 
1393 0 31 550 721 450 1058 -1 -1 -1 -1 
1394 0 31 580 723 417 1062 -1 -1 -1 -1 
1395 0 31 615 728 392 1060 -1 -1 -1 -1 
1396 0 31 653 729 374 1064 -1 -1 -1 -1 
1397 0 31 700 728 344 1064 -1 -1 -1 -1 
1398 0 31 749 714 320 1088 -1 -1 -1 -1 
1399 0 31 821 696 256 1108 -1 -1 -1 -1 
1400 0 31 817 725 262 1083 -1 -1 -1 -1 
1401 0 31 816 718 263 1088 -1 -1 -1 -1 
1402 0 31 820 708 259 1101 -1 -1 -1 -1 
1403 0 31 818 739 261 1067 -1 -1 -1 -1 
1404 0 31 820 744 259 1059 -1 -1 -1 -1 
1405 0 31 820 750 259 1058 -1 -1 -1 -1 
1406 0 31 820 752 259 1054 -1 -1 -1 -1 
1407 0 31 814 758 265 1044 -1 -1 -1 -1 
1408 0 31 814 761 265 1017 -1 -1 -1 -1 
1409 0 31 836 792 243 963 -1 -1 -1 -1 
1410 0 31 814 782 265 960 -1 -1 -1 -1 
1411 0 31 819 789 260 925 -1 -1 -1 -1 
1412 0 31 817 782 262 802 -1 -1 -1 -1 
1413 0 31 840 780 239 777 -1 -1 -1 -1 
1414 0 31 849 784 230 749 -1 -1 -1 -1 
1544 0 43 910 927 169 990 -1 -1 -1 -1 
1545 0 43 883 922 196 995 -1 -1 -1 -1 
1546 0 43 856 916 223 1001 -1 -1 -1 -1 
1547 0 43 839 933 240 984 -1 -1 -1 -1 
1548 0 43 810 922 269 994 -1 -1 -1 -1 
1549 0 43 788 912 291 1003 -1 -1 -1 -1 
1550 0 43 759 911 320 1005 -1 -1 -1 -1 
1551 0 43 686 910 390 1007 -1 -1 -1 -1 
1552 0 43 638 903 414 1016 -1 -1 -1 -1 
1553 0 43 602 905 428 1012 -1 -1 -1 -1 
1554 0 43 581 895 426 1021 -1 -1 -1 -1 
1555 0 43 559 892 431 1025 -1 -1 -1 -1 
1556 0 43 564 890 421 1026 -1 -1 -1 -1 
1557 0 43 569 889 412 1028 -1 -1 -1 -1 
1558 0 43 564 885 415 1034 -1 -1 -1 -1 
1559 0 43 559 889 418 1029 -1 -1 -1 -1 
1560 0 43 545 888 426 1029 -1 -1 -1 -1 
1561 0 43 532 885 426 1032 -1 -1 -1 -1 
1562 0 43 517 899 417 1017 -1 -1 -1 -1 
1563 0 43 504 901 394 1015 -1 -1 -1 -1 
1564 0 43 494 898 368 1019 -1 -1 -1 -1 
1565 0 43 483 896 337 1021 -1 -1 -1 -1 
1566 0 43 474 892 308 1018 -1 -1 -1 -1 
1567 0 43 467 887 291 1011 -1 -1 -1 -1 
1568 0 43 459 887 292 994 -1 -1 -1 -1 
1569 0 43 452 885 290 978 -1 -1 -1 -1 
1570 0 43 446 884 288 964 -1 -1 -1 -1 
1571 0 43 440 879 284 951 -1 -1 -1 -1 
1572 0 43 433 877 284 935 -1 -1 -1 -1 
1573 0 43 429 878 288 916 -1 -1 -1 -1 
1574 0 43 425 878 298 900 -1 -1 -1 -1 
1575 0 43 422 876 303 890 -1 -1 -1 -1 
1576 0 43 418 874 310 880 -1 -1 -1 -1 
1577 0 43 413 874 316 871 -1 -1 -1 -1 
1578 0 43 409 875 311 862 -1 -1 -1 -1 
1579 0 43 405 877 301 859 -1 -1 -1 -1 
1580 0 43 400 878 283 852 -1 -1 -1 -1 
1581 0 43 395 884 263 841 -1 -1 -1 -1 
1582 0 43 387 890 256 828 -1 -1 -1 -1 
1583 0 43 380 891 254 815 -1 -1 -1 -1 
1584 0 43 374 890 251 807 -1 -1 -1 -1 
1585 0 43 367 886 252 803 -1 -1 -1 -1 
1586 0 43 360 884 251 794 -1 -1 -1 -1 
1587 0 43 352 883 252 785 -1 -1 -1 -1 
1588 0 43 345 883 253 778 -1 -1 -1 -1 
1589 0 43 340 881 254 767 -1 -1 -1 -1 
1590 0 43 331 883 260 756 -1 -1 -1 -1 
1591 0 43 326 882 265 744 -1 -1 -1 -1 
1592 0 43 320 879 272 735 -1 -1 -1 -1 
1593 0 43 316 876 274 724 -1 -1 -1 -1 
1594 0 43 313 874 282 718 -1 -1 -1 -1 
1595 0 43 309 873 289 713 -1 -1 -1 -1 
1596 0 43 306 872 296 708 -1 -1 -1 -1 
1597 0 43 305 871 298 703 -1 -1 -1 -1 
1598 0 43 305 869 300 699 -1 -1 -1 -1 
1599 0 43 302 871 300 694 -1 -1 -1 -1 
1600 0 43 299 870 286 691 -1 -1 -1 -1 
1601 0 43 295 873 279 683 -1 -1 -1 -1 
1602 0 43 293 870 263 675 -1 -1 -1 -1 
1603 0 43 292 866 246 667 -1 -1 -1 -1 
1604 0 43 291 871 229 650 -1 -1 -1 -1 
1605 0 43 287 859 226 653 -1 -1 -1 -1 
1606 0 43 287 854 225 644 -1 -1 -1 -1 
1607 0 43 287 855 225 629 -1 -1 -1 -1 
1608 0 43 287 855 222 620 -1 -1 -1 -1 
1609 0 43 282 855 228 614 -1 -1 -1 -1 
1610 0 43 279 855 231 607 -1 -1 -1 -1 
1611 0 43 276 852 237 601 -1 -1 -1 -1 
1612 0 43 273 852 243 593 -1 -1 -1 -1 
1613 0 43 270 853 246 584 -1 -1 -1 -1 
1614 0 43 268 853 246 578 -1 -1 -1 -1 
1615 0 43 268 854 240 573 -1 -1 -1 -1 
1616 0 43 264 855 234 570 -1 -1 -1 -1 
1617 0 43 264 855 218 569 -1 -1 -1 -1 
1618 0 43 264 859 206 563 -1 -1 -1 -1 
1619 0 43 262 861 203 557 -1 -1 -1 -1 
1620 0 43 262 863 199 552 -1 -1 -1 -1 
1621 0 43 260 862 196 547 -1 -1 -1 -1 
1622 0 43 258 859 196 549 -1 -1 -1 -1 
1623 0 43 256 859 195 549 -1 -1 -1 -1 
1624 0 43 253 859 193 546 -1 -1 -1 -1 
1625 0 43 249 858 195 547 -1 -1 -1 -1 
1626 0 43 245 865 196 530 -1 -1 -1 -1 
1627 0 43 243 864 193 527 -1 -1 -1 -1 
1628 0 43 240 863 192 526 -1 -1 -1 -1 
1629 0 43 236 863 194 523 -1 -1 -1 -1 
1630 0 43 231 863 198 520 -1 -1 -1 -1 
1631 0 43 225 861 204 517 -1 -1 -1 -1 
1632 0 43 219 860 208 513 -1 -1 -1 -1 
1633 0 43 212 862 215 517 -1 -1 -1 -1 
1634 0 43 208 863 216 516 -1 -1 -1 -1 
1635 0 43 201 866 225 512 -1 -1 -1 -1 
1636 0 43 198 871 219 499 -1 -1 -1 -1 
1637 0 43 196 875 211 491 -1 -1 -1 -1 
1638 0 43 194 878 206 486 -1 -1 -1 -1 
1639 0 43 193 877 205 486 -1 -1 -1 -1 
1640 0 43 196 928 201 438 -1 -1 -1 -1 
1641 0 43 192 938 203 426 -1 -1 -1 -1 
1642 0 43 208 939 186 425 -1 -1 -1 -1 
1643 0 43 211 932 187 426 -1 -1 -1 -1 
1644 0 43 213 929 185 421 -1 -1 -1 -1 
1645 0 43 217 928 183 415 -1 -1 -1 -1 
1646 0 43 183 928 220 419 -1 -1 -1 -1 
1647 0 43 177 926 225 412 -1 -1 -1 -1 
1648 0 43 177 927 225 403 -1 -1 -1 -1 
1649 0 43 175 928 228 401 -1 -1 -1 -1 
1650 0 43 170 928 232 396 -1 -1 -1 -1 
1651 0 43 170 928 228 396 -1 -1 -1 -1 
1652 0 43 170 928 224 395 -1 -1 -1 -1 
1653 0 43 172 925 218 399 -1 -1 -1 -1 
1654 0 43 169 926 221 392 -1 -1 -1 -1 
1655 0 43 167 928 223 397 -1 -1 -1 -1 
1656 0 43 166 929 224 391 -1 -1 -1 -1 
1657 0 43 166 929 223 388 -1 -1 -1 -1 
1658 0 43 169 926 219 394 -1 -1 -1 -1 
1659 0 43 170 928 217 393 -1 -1 -1 -1 
1660 0 43 170 929 220 391 -1 -1 -1 -1 
1661 0 43 172 929 217 391 -1 -1 -1 -1 
1662 0 43 173 927 216 389 -1 -1 -1 -1 
1663 0 43 175 926 214 391 -1 -1 -1 -1 
1664 0 43 176 926 213 391 -1 -1 -1 -1 
1665 0 43 177 926 212 393 -1 -1 -1 -1 
1666 0 43 178 924 212 395 -1 -1 -1 -1 
1667 0 43 177 922 215 397 -1 -1 -1 -1 
1668 0 43 176 921 216 398 -1 -1 -1 -1 
1669 0 43 179 920 215 398 -1 -1 -1 -1 
1670 0 43 193 920 200 397 -1 -1 -1 -1 
1671 0 43 214 918 181 398 -1 -1 -1 -1 
1672 0 43 219 916 176 400 -1 -1 -1 -1 
1673 0 43 216 914 178 398 -1 -1 -1 -1 
1674 0 43 214 916 178 396 -1 -1 -1 -1 
1675 0 43 214 917 178 394 -1 -1 -1 -1 
1676 0 43 221 918 170 391 -1 -1 -1 -1 
1676 0 48 972 1304 105 599 -1 -1 -1 -1 
1677 0 43 221 918 170 389 -1 -1 -1 -1 
1677 0 48 954 1277 125 642 -1 -1 -1 -1 
1678 0 43 214 914 176 391 -1 -1 -1 -1 
1678 0 48 934 1260 145 659 -1 -1 -1 -1 
1679 0 43 217 912 172 391 -1 -1 -1 -1 
1679 0 48 925 1247 153 667 -1 -1 -1 -1 
1680 0 43 197 911 194 394 -1 -1 -1 -1 
1680 0 48 912 1242 167 650 -1 -1 -1 -1 
1681 0 43 193 919 199 387 -1 -1 -1 -1 
1681 0 48 898 1228 181 627 -1 -1 -1 -1 
1682 0 43 194 920 197 386 -1 -1 -1 -1 
1682 0 48 885 1214 193 600 -1 -1 -1 -1 
1683 0 43 190 916 202 390 -1 -1 -1 -1 
1683 0 48 870 1197 208 601 -1 -1 -1 -1 
1684 0 43 188 912 205 397 -1 -1 -1 -1 
1684 0 48 860 823 216 943 -1 -1 -1 -1 
1685 0 43 187 911 207 399 -1 -1 -1 -1 
1685 0 48 845 816 233 943 -1 -1 -1 -1 
1686 0 43 194 910 203 400 -1 -1 -1 -1 
1686 0 48 833 820 245 918 -1 -1 -1 -1 
1687 0 43 186 907 214 404 -1 -1 -1 -1 
1687 0 48 821 809 258 918 -1 -1 -1 -1 
1688 0 43 179 904 226 406 -1 -1 -1 -1 
1688 0 48 899 803 176 909 -1 -1 -1 -1 
1689 0 43 173 903 233 407 -1 -1 -1 -1 
1689 0 48 813 805 266 904 -1 -1 -1 -1 
1689 0 49 802 1166 158 532 -1 -1 -1 -1 
1690 0 43 170 901 237 409 -1 -1 -1 -1 
1690 0 48 786 820 293 874 -1 -1 -1 -1 
1691 0 43 169 903 240 406 -1 -1 -1 -1 
1691 0 48 775 813 304 880 -1 -1 -1 -1 
1692 0 43 217 856 199 449 -1 -1 -1 -1 
1692 0 48 766 810 304 872 -1 -1 -1 -1 
1693 0 43 194 853 229 453 -1 -1 -1 -1 
1693 0 48 758 818 298 848 -1 -1 -1 -1 
1694 0 43 194 849 232 455 -1 -1 -1 -1 
1694 0 48 748 819 289 839 -1 -1 -1 -1 
1695 0 43 177 898 240 403 -1 -1 -1 -1 
1695 0 48 737 822 291 823 -1 -1 -1 -1 
1696 0 43 176 898 241 405 -1 -1 -1 -1 
1696 0 48 727 814 301 819 -1 -1 -1 -1 
1697 0 43 177 848 240 455 -1 -1 -1 -1 
1697 0 48 718 812 308 800 -1 -1 -1 -1 
1698 0 43 177 847 240 459 -1 -1 -1 -1 
1698 0 48 714 821 312 775 -1 -1 -1 -1 
1699 0 43 179 846 244 460 -1 -1 -1 -1 
1699 0 48 708 811 316 778 -1 -1 -1 -1 
1700 0 43 182 844 243 466 -1 -1 -1 -1 
1700 0 48 690 816 338 754 -1 -1 -1 -1 
1701 0 43 186 843 239 469 -1 -1 -1 -1 
1701 0 48 683 816 345 747 -1 -1 -1 -1 
1701 0 49 679 1101 99 467 -1 -1 -1 -1 
1702 0 43 193 840 233 473 -1 -1 -1 -1 
1702 0 48 668 815 356 743 -1 -1 -1 -1 
1703 0 43 204 837 217 479 -1 -1 -1 -1 
1703 0 48 655 816 367 732 -1 -1 -1 -1 
1704 0 43 220 836 197 482 -1 -1 -1 -1 
1704 0 48 648 815 360 729 -1 -1 -1 -1 
1705 0 43 229 837 187 485 -1 -1 -1 -1 
1705 0 48 637 818 351 721 -1 -1 -1 -1 
1706 0 43 247 835 171 488 -1 -1 -1 -1 
1706 0 48 627 826 336 703 -1 -1 -1 -1 
1707 0 43 269 832 154 486 -1 -1 -1 -1 
1707 0 48 657 833 276 677 -1 -1 -1 -1 
1707 0 49 607 1089 110 432 -1 -1 -1 -1 
1708 0 43 272 835 156 476 -1 -1 -1 -1 
1708 0 48 606 833 300 672 -1 -1 -1 -1 
1709 0 43 273 833 153 479 -1 -1 -1 -1 
1709 0 48 633 837 238 661 -1 -1 -1 -1 
1710 0 43 276 835 161 481 -1 -1 -1 -1 
1710 0 48 624 834 235 656 -1 -1 -1 -1 
1711 0 43 287 836 142 495 -1 -1 -1 -1 
1711 0 51 553 1086 228 410 -1 -1 -1 -1 
1712 0 43 279 835 165 497 -1 -1 -1 -1 
1712 0 48 639 835 146 604 -1 -1 -1 -1 
1712 0 51 544 1088 198 401 -1 -1 -1 -1 
1713 0 43 271 835 188 495 -1 -1 -1 -1 
1713 0 48 628 822 152 618 -1 -1 -1 -1 
1713 0 51 535 1087 185 387 -1 -1 -1 -1 
1714 0 43 272 834 193 496 -1 -1 -1 -1 
1714 0 48 589 829 184 606 -1 -1 -1 -1 
1714 0 51 524 1087 217 377 -1 -1 -1 -1 
1715 0 43 259 830 206 505 -1 -1 -1 -1 
1715 0 48 578 832 185 612 -1 -1 -1 -1 
1715 0 51 519 1088 213 377 -1 -1 -1 -1 
1716 0 43 241 1045 239 311 -1 -1 -1 -1 
1716 0 48 603 836 152 595 -1 -1 -1 -1 
1716 0 51 517 1086 212 367 -1 -1 -1 -1 
1717 0 43 236 1053 245 295 -1 -1 -1 -1 
1717 0 48 550 836 202 591 -1 -1 -1 -1 
1717 0 51 514 1084 208 358 -1 -1 -1 -1 
1718 0 43 233 1059 250 294 -1 -1 -1 -1 
1718 0 48 590 833 156 580 -1 -1 -1 -1 
1718 0 51 511 1085 205 352 -1 -1 -1 -1 
1719 0 43 234 1066 249 294 -1 -1 -1 -1 
1719 0 48 544 836 200 573 -1 -1 -1 -1 
1719 0 51 508 1081 210 343 -1 -1 -1 -1 
1720 0 43 234 1070 248 297 -1 -1 -1 -1 
1720 0 48 513 840 232 578 -1 -1 -1 -1 
1721 0 43 234 1067 251 305 -1 -1 -1 -1 
1721 0 48 513 821 232 599 -1 -1 -1 -1 
1722 0 43 238 1064 246 310 -1 -1 -1 -1 
1722 0 48 512 827 233 586 -1 -1 -1 -1 
1723 0 43 238 1059 245 317 -1 -1 -1 -1 
1723 0 48 518 824 222 583 -1 -1 -1 -1 
1723 0 51 505 1100 203 311 -1 -1 -1 -1 
1723 0 53 296 837 128 311 -1 -1 -1 -1 
1724 0 43 241 1058 241 316 -1 -1 -1 -1 
1724 0 48 532 824 196 580 -1 -1 -1 -1 
1724 0 51 506 1103 198 304 -1 -1 -1 -1 
1724 0 53 298 836 128 314 -1 -1 -1 -1 
1725 0 43 240 1052 242 325 -1 -1 -1 -1 
1725 0 48 526 826 188 573 -1 -1 -1 -1 
1725 0 51 505 1105 194 296 -1 -1 -1 -1 
1726 0 43 236 1051 246 338 -1 -1 -1 -1 
1726 0 48 517 839 182 563 -1 -1 -1 -1 
1727 0 43 235 1050 247 344 -1 -1 -1 -1 
1727 0 48 515 841 169 551 -1 -1 -1 -1 
1727 0 53 302 832 131 322 -1 -1 -1 -1 
1728 0 43 230 1049 257 339 -1 -1 -1 -1 
1728 0 48 513 847 163 549 -1 -1 -1 -1 
1729 0 43 227 1054 259 347 -1 -1 -1 -1 
1729 0 48 500 848 169 545 -1 -1 -1 -1 
1730 0 43 223 1056 267 349 -1 -1 -1 -1 
1730 0 48 497 847 169 540 -1 -1 -1 -1 
1731 0 43 221 1058 269 355 -1 -1 -1 -1 
1731 0 48 491 851 168 534 -1 -1 -1 -1 
1732 0 43 222 1060 272 367 -1 -1 -1 -1 
1732 0 48 482 851 177 520 -1 -1 -1 -1 
1733 0 43 221 1064 274 371 -1 -1 -1 -1 
1733 0 48 475 852 176 515 -1 -1 -1 -1 
1734 0 43 226 1066 274 375 -1 -1 -1 -1 
1734 0 48 464 849 187 516 -1 -1 -1 -1 
1734 0 54 904 1412 173 505 -1 -1 -1 -1 
1735 0 43 232 1071 279 373 -1 -1 -1 -1 
1735 0 48 456 849 189 512 -1 -1 -1 -1 
1736 0 43 247 812 267 627 -1 -1 -1 -1 
1736 0 48 451 848 197 511 -1 -1 -1 -1 
1736 0 54 863 1402 215 513 -1 -1 -1 -1 
1736 0 55 835 714 244 1199 -1 -1 -1 -1 
1737 0 43 252 807 255 648 -1 -1 -1 -1 
1737 0 48 445 847 197 503 -1 -1 -1 -1 
1737 0 54 842 1404 237 513 -1 -1 -1 -1 
1737 0 55 825 707 254 1205 -1 -1 -1 -1 
1738 0 43 258 816 242 647 -1 -1 -1 -1 
1738 0 48 442 847 191 501 -1 -1 -1 -1 
1738 0 54 831 1402 240 515 -1 -1 -1 -1 
1739 0 43 269 806 233 662 -1 -1 -1 -1 
1739 0 48 436 847 192 497 -1 -1 -1 -1 
1740 0 43 274 811 353 657 -1 -1 -1 -1 
1740 0 55 811 699 265 1213 -1 -1 -1 -1 
1741 0 43 286 811 333 661 -1 -1 -1 -1 
1741 0 55 756 699 323 1213 -1 -1 -1 -1 
1742 0 43 296 808 311 663 -1 -1 -1 -1 
1742 0 55 718 695 359 1218 -1 -1 -1 -1 
1743 0 43 304 809 293 663 -1 -1 -1 -1 
1743 0 55 686 697 393 1217 -1 -1 -1 -1 
1744 0 43 304 809 287 659 -1 -1 -1 -1 
1744 0 55 645 690 434 1018 -1 -1 -1 -1 
1745 0 43 303 807 286 659 -1 -1 -1 -1 
1745 0 55 637 779 289 843 -1 -1 -1 -1 
1746 0 43 302 798 271 668 -1 -1 -1 -1 
1746 0 55 595 711 471 1182 -1 -1 -1 -1 
1746 0 58 610 1432 468 487 -1 -1 -1 -1 
1747 0 43 306 807 238 658 -1 -1 -1 -1 
1747 0 55 545 706 534 1210 -1 -1 -1 -1 
1747 0 58 578 1432 496 486 -1 -1 -1 -1 
1748 0 43 307 803 239 668 -1 -1 -1 -1 
1748 0 55 526 701 544 1216 -1 -1 -1 -1 
1749 0 43 312 792 226 680 -1 -1 -1 -1 
1749 0 55 486 698 588 1211 -1 -1 -1 -1 
1749 0 58 518 1418 529 499 -1 -1 -1 -1 
1750 0 43 312 774 226 690 -1 -1 -1 -1 
1750 0 55 465 694 614 1208 -1 -1 -1 -1 
1750 0 58 499 1416 534 501 -1 -1 -1 -1 
1751 0 43 312 816 236 577 -1 -1 -1 -1 
1751 0 55 384 695 695 1218 -1 -1 -1 -1 
1751 0 58 447 1361 601 554 -1 -1 -1 -1 
1752 0 43 313 795 221 592 -1 -1 -1 -1 
1752 0 55 342 697 737 1221 -1 -1 -1 -1 
1752 0 58 412 1362 632 557 -1 -1 -1 -1 
1753 0 43 314 796 207 599 -1 -1 -1 -1 
1753 0 55 323 697 753 1220 -1 -1 -1 -1 
1753 0 58 388 1353 646 566 -1 -1 -1 -1 
1754 0 43 314 790 206 601 -1 -1 -1 -1 
1754 0 55 319 701 745 1216 -1 -1 -1 -1 
1755 0 55 282 697 770 1220 -1 -1 -1 -1 
1755 0 58 279 1352 647 564 -1 -1 -1 -1 
1756 0 55 242 698 788 1218 -1 -1 -1 -1 
1756 0 58 236 1336 662 580 -1 -1 -1 -1 
1757 0 55 187 701 813 1215 -1 -1 -1 -1 
1758 0 55 146 708 809 1209 -1 -1 -1 -1 
1759 0 55 100 712 816 1204 -1 -1 -1 -1 
1760 0 55 57 726 821 1191 -1 -1 -1 -1 
1761 0 55 33 736 815 1180 -1 -1 -1 -1 
1762 0 55 20 736 843 1181 -1 -1 -1 -1 
1763 0 55 29 734 874 1183 -1 -1 -1 -1 
1764 0 55 24 723 882 1193 -1 -1 -1 -1 
1765 0 55 25 716 865 1198 -1 -1 -1 -1 
1766 0 55 16 714 834 1200 -1 -1 -1 -1 
1767 0 55 15 713 822 1202 -1 -1 -1 -1 
1768 0 55 13 709 759 1205 -1 -1 -1 -1 
1769 0 55 9 710 761 1204 -1 -1 -1 -1 
1770 0 55 4 714 755 1200 -1 -1 -1 -1 
1771 0 55 1 714 801 1200 -1 -1 -1 -1 
1772 0 55 20 713 728 1202 -1 -1 -1 -1 
1773 0 55 40 712 712 1204 -1 -1 -1 -1 
1774 0 55 14 716 728 1198 -1 -1 -1 -1 
1775 0 55 25 719 714 1195 -1 -1 -1 -1 
1776 0 55 33 724 685 1192 -1 -1 -1 -1 
1777 0 43 625 930 97 494 -1 -1 -1 -1 
1777 0 55 30 725 677 1189 -1 -1 -1 -1 
1778 0 43 616 912 129 492 -1 -1 -1 -1 
1778 0 55 34 717 656 1196 -1 -1 -1 -1 
1779 0 43 615 825 135 563 -1 -1 -1 -1 
1779 0 55 32 714 644 1199 -1 -1 -1 -1 
1780 0 43 610 815 150 590 -1 -1 -1 -1 
1780 0 55 32 711 637 1203 -1 -1 -1 -1 
1780 0 66 90 1376 593 541 -1 -1 -1 -1 
1781 0 43 609 812 162 728 -1 -1 -1 -1 
1781 0 55 27 716 634 1198 -1 -1 -1 -1 
1781 0 66 52 1368 623 551 -1 -1 -1 -1 
1782 0 43 598 796 203 656 -1 -1 -1 -1 
1782 0 55 19 720 641 1191 -1 -1 -1 -1 
1782 0 66 67 1364 584 555 -1 -1 -1 -1 
1783 0 43 596 798 228 642 -1 -1 -1 -1 
1783 0 55 5 720 692 1193 -1 -1 -1 -1 
1783 0 66 28 1364 657 555 -1 -1 -1 -1 
1784 0 43 597 788 245 657 -1 -1 -1 -1 
1784 0 55 0 720 796 1194 -1 -1 -1 -1 
1785 0 43 592 787 257 773 -1 -1 -1 -1 
1785 0 55 4 718 801 1195 -1 -1 -1 -1 
1785 0 66 105 1359 541 560 -1 -1 -1 -1 
1786 0 43 584 761 277 735 -1 -1 -1 -1 
1786 0 55 10 721 772 1194 -1 -1 -1 -1 
1786 0 66 102 1355 552 564 -1 -1 -1 -1 
1787 0 43 568 732 294 832 -1 -1 -1 -1 
1787 0 55 15 723 690 1193 -1 -1 -1 -1 
1788 0 43 573 750 287 753 -1 -1 -1 -1 
1788 0 55 9 723 670 1193 -1 -1 -1 -1 
1789 0 43 567 731 289 810 -1 -1 -1 -1 
1789 0 55 6 723 647 1193 -1 -1 -1 -1 
1790 0 43 588 740 260 806 -1 -1 -1 -1 
1790 0 55 2 721 658 1196 -1 -1 -1 -1 
1791 0 43 599 743 226 812 -1 -1 -1 -1 
1791 0 55 0 718 708 1199 -1 -1 -1 -1 
1792 0 43 600 757 217 790 -1 -1 -1 -1 
1792 0 55 0 717 751 1200 -1 -1 -1 -1 
1793 0 43 600 771 213 766 -1 -1 -1 -1 
1793 0 55 10 718 663 1199 -1 -1 -1 -1 
1794 0 43 600 768 217 777 -1 -1 -1 -1 
1795 0 43 591 787 240 775 -1 -1 -1 -1 
1795 0 55 5 718 658 1198 -1 -1 -1 -1 
1796 0 43 587 799 255 739 -1 -1 -1 -1 
1796 0 55 5 714 642 1202 -1 -1 -1 -1 
1796 0 66 102 1322 595 597 -1 -1 -1 -1 
1797 0 43 595 799 252 757 -1 -1 -1 -1 
1797 0 55 3 718 643 1198 -1 -1 -1 -1 
1797 0 66 87 1318 616 601 -1 -1 -1 -1 
1798 0 43 609 807 242 732 -1 -1 -1 -1 
1798 0 55 1 717 656 1199 -1 -1 -1 -1 
1798 0 66 120 1308 579 611 -1 -1 -1 -1 
1799 0 43 639 812 220 728 -1 -1 -1 -1 
1799 0 55 2 714 661 1202 -1 -1 -1 -1 
1800 0 43 680 819 202 709 -1 -1 -1 -1 
1800 0 55 3 712 658 1204 -1 -1 -1 -1 
1800 0 66 92 1323 626 596 -1 -1 -1 -1 
1801 0 43 698 813 203 687 -1 -1 -1 -1 
1801 0 55 2 711 680 1205 -1 -1 -1 -1 
1802 0 43 704 806 214 751 -1 -1 -1 -1 
1802 0 55 5 710 673 1206 -1 -1 -1 -1 
1803 0 43 709 801 227 739 -1 -1 -1 -1 
1803 0 55 3 710 684 1207 -1 -1 -1 -1 
1804 0 43 717 805 276 710 -1 -1 -1 -1 
1804 0 55 6 711 667 1205 -1 -1 -1 -1 
1805 0 43 722 799 311 725 -1 -1 -1 -1 
1805 0 55 3 712 680 1204 -1 -1 -1 -1 
1806 0 43 724 799 330 724 -1 -1 -1 -1 
1806 0 55 4 715 686 1201 -1 -1 -1 -1 
1807 0 43 721 799 339 729 -1 -1 -1 -1 
1807 0 55 4 718 687 1198 -1 -1 -1 -1 
1808 0 43 722 796 338 730 -1 -1 -1 -1 
1808 0 55 19 715 666 1199 -1 -1 -1 -1 
1809 0 43 713 794 339 734 -1 -1 -1 -1 
1809 0 55 14 712 676 1201 -1 -1 -1 -1 
1810 0 43 710 794 358 741 -1 -1 -1 -1 
1810 0 55 11 715 685 1200 -1 -1 -1 -1 
1811 0 43 716 796 348 742 -1 -1 -1 -1 
1811 0 55 9 712 691 1203 -1 -1 -1 -1 
1812 0 43 718 795 351 756 -1 -1 -1 -1 
1812 0 55 11 711 683 1203 -1 -1 -1 -1 
1813 0 43 717 794 349 769 -1 -1 -1 -1 
1813 0 55 23 710 672 1206 -1 -1 -1 -1 
1814 0 43 721 791 326 755 -1 -1 -1 -1 
1814 0 55 5 711 698 1203 -1 -1 -1 -1 
1815 0 43 718 794 324 762 -1 -1 -1 -1 
1815 0 55 7 712 699 1201 -1 -1 -1 -1 
1816 0 43 741 799 302 763 -1 -1 -1 -1 
1816 0 55 9 715 696 1199 -1 -1 -1 -1 
1817 0 43 758 806 277 762 -1 -1 -1 -1 
1817 0 55 8 716 703 1197 -1 -1 -1 -1 
1818 0 43 781 804 261 764 -1 -1 -1 -1 
1818 0 55 180 715 463 1201 -1 -1 -1 -1 
1818 0 66 0 1300 734 616 -1 -1 -1 -1 
1818 0 67 975 1677 104 242 -1 -1 -1 -1 
1819 0 43 808 816 269 1090 -1 -1 -1 -1 
1819 0 55 223 712 483 1204 -1 -1 -1 -1 
1819 0 66 1 1293 733 620 -1 -1 -1 -1 
1819 0 67 969 1673 107 246 -1 -1 -1 -1 
1819 0 69 0 1556 313 363 -1 -1 -1 -1 
1820 0 43 835 800 242 1117 -1 -1 -1 -1 
1820 0 55 240 712 470 1204 -1 -1 -1 -1 
1820 0 66 1 1290 738 623 -1 -1 -1 -1 
1820 0 69 0 1571 324 348 -1 -1 -1 -1 
1821 0 43 865 808 214 1111 -1 -1 -1 -1 
1821 0 55 251 717 478 1199 -1 -1 -1 -1 
1821 0 66 1 1291 739 625 -1 -1 -1 -1 
1821 0 69 0 1593 330 325 -1 -1 -1 -1 
1822 0 43 872 798 207 1120 -1 -1 -1 -1 
1822 0 55 267 717 469 1200 -1 -1 -1 -1 
1822 0 66 1 1290 741 622 -1 -1 -1 -1 
1823 0 43 870 776 208 1140 -1 -1 -1 -1 
1823 0 55 244 736 502 1183 -1 -1 -1 -1 
1823 0 66 0 1289 743 624 -1 -1 -1 -1 
1823 0 69 0 1655 341 264 -1 -1 -1 -1 
1824 0 43 862 777 217 1132 -1 -1 -1 -1 
1824 0 55 220 734 523 1185 -1 -1 -1 -1 
1824 0 66 0 1291 747 625 -1 -1 -1 -1 
1824 0 69 1 1682 326 237 -1 -1 -1 -1 
1825 0 43 848 777 230 1117 -1 -1 -1 -1 
1825 0 55 196 724 551 1195 -1 -1 -1 -1 
1825 0 66 0 1290 749 626 -1 -1 -1 -1 
1826 0 43 830 785 249 1103 -1 -1 -1 -1 
1826 0 55 205 734 543 1185 -1 -1 -1 -1 
1826 0 69 0 1735 339 183 -1 -1 -1 -1 
1827 0 43 813 783 265 1091 -1 -1 -1 -1 
1827 0 55 220 743 527 1175 -1 -1 -1 -1 
1827 0 69 2 1761 341 158 -1 -1 -1 -1 
1828 0 43 802 783 277 1066 -1 -1 -1 -1 
1828 0 55 208 724 543 1195 -1 -1 -1 -1 
1828 0 69 1 1790 347 129 -1 -1 -1 -1 
1828 0 70 172 827 96 554 -1 -1 -1 -1 
1829 0 43 788 785 290 1056 -1 -1 -1 -1 
1829 0 55 50 730 748 1187 -1 -1 -1 -1 
1829 0 69 2 1808 343 109 -1 -1 -1 -1 
1829 0 70 162 829 104 559 -1 -1 -1 -1 
1830 0 43 770 789 309 1040 -1 -1 -1 -1 
1830 0 55 185 718 541 1198 -1 -1 -1 -1 
1830 0 66 0 1320 759 597 -1 -1 -1 -1 
1830 0 69 4 1816 329 102 -1 -1 -1 -1 
1830 0 70 156 830 108 552 -1 -1 -1 -1 
1831 0 43 781 780 296 1030 -1 -1 -1 -1 
1831 0 55 225 716 506 1200 -1 -1 -1 -1 
1831 0 66 0 1322 760 595 -1 -1 -1 -1 
1831 0 69 54 1815 276 104 -1 -1 -1 -1 
1832 0 43 748 773 331 1024 -1 -1 -1 -1 
1832 0 55 234 745 509 1169 -1 -1 -1 -1 
1832 0 66 65 1328 683 589 -1 -1 -1 -1 
1832 0 69 74 1831 244 88 -1 -1 -1 -1 
1833 0 43 747 776 332 1002 -1 -1 -1 -1 
1833 0 55 253 738 493 1181 -1 -1 -1 -1 
1833 0 66 70 1331 679 586 -1 -1 -1 -1 
1833 0 70 130 935 140 473 -1 -1 -1 -1 
1834 0 43 743 773 336 993 -1 -1 -1 -1 
1834 0 55 249 721 491 1198 -1 -1 -1 -1 
1834 0 66 84 1327 667 592 -1 -1 -1 -1 
1834 0 70 127 835 141 576 -1 -1 -1 -1 
1835 0 43 718 771 361 990 -1 -1 -1 -1 
1835 0 55 123 717 649 1202 -1 -1 -1 -1 
1835 0 66 90 1329 663 590 -1 -1 -1 -1 
1835 0 70 120 830 149 583 -1 -1 -1 -1 
1836 0 43 694 771 385 981 -1 -1 -1 -1 
1836 0 55 76 753 677 1162 -1 -1 -1 -1 
1836 0 70 118 833 149 581 -1 -1 -1 -1 
1836 0 72 63 1731 220 185 -1 -1 -1 -1 
1837 0 43 673 771 405 975 -1 -1 -1 -1 
1837 0 55 73 708 642 1209 -1 -1 -1 -1 
1837 0 70 112 829 153 590 -1 -1 -1 -1 
1838 0 43 676 762 401 972 -1 -1 -1 -1 
1838 0 55 40 697 673 1220 -1 -1 -1 -1 
1838 0 70 110 821 152 593 -1 -1 -1 -1 
1839 0 43 697 767 380 949 -1 -1 -1 -1 
1839 0 55 32 656 688 1261 -1 -1 -1 -1 
1839 0 70 108 814 154 600 -1 -1 -1 -1 
1840 0 43 711 762 364 947 -1 -1 -1 -1 
1840 0 55 171 653 520 1266 -1 -1 -1 -1 
1840 0 70 111 817 150 600 -1 -1 -1 -1 
1841 0 43 708 760 367 941 -1 -1 -1 -1 
1841 0 55 214 667 537 1252 -1 -1 -1 -1 
1841 0 70 112 817 148 602 -1 -1 -1 -1 
1841 0 74 5 1483 201 435 -1 -1 -1 -1 
1842 0 43 699 755 377 945 -1 -1 -1 -1 
1842 0 55 216 661 536 1258 -1 -1 -1 -1 
1842 0 70 115 837 147 584 -1 -1 -1 -1 
1842 0 74 9 1449 195 470 -1 -1 -1 -1 
1843 0 43 693 769 367 923 -1 -1 -1 -1 
1843 0 55 214 632 545 1285 -1 -1 -1 -1 
1843 0 70 115 830 153 593 -1 -1 -1 -1 
1843 0 74 20 1436 181 483 -1 -1 -1 -1 
1844 0 43 687 765 319 926 -1 -1 -1 -1 
1844 0 55 220 624 540 1292 -1 -1 -1 -1 
1844 0 70 120 835 152 594 -1 -1 -1 -1 
1844 0 74 29 1454 172 465 -1 -1 -1 -1 
1844 0 75 991 817 88 677 -1 -1 -1 -1 
1845 0 43 687 769 274 925 -1 -1 -1 -1 
1845 0 55 219 633 540 1284 -1 -1 -1 -1 
1845 0 70 122 831 164 605 -1 -1 -1 -1 
1845 0 74 36 1484 176 435 -1 -1 -1 -1 
1845 0 75 981 659 98 863 -1 -1 -1 -1 
1846 0 43 686 770 237 921 -1 -1 -1 -1 
1846 0 55 192 644 582 1274 -1 -1 -1 -1 
1846 0 70 126 845 166 604 -1 -1 -1 -1 
1846 0 74 37 1551 194 368 -1 -1 -1 -1 
1847 0 43 685 773 218 915 -1 -1 -1 -1 
1847 0 55 170 664 598 1254 -1 -1 -1 -1 
1847 0 66 75 1411 719 507 -1 -1 -1 -1 
1847 0 70 126 1065 164 416 -1 -1 -1 -1 
1847 0 74 41 1556 194 363 -1 -1 -1 -1 
1848 0 43 671 771 225 883 -1 -1 -1 -1 
1848 0 55 114 692 677 1222 -1 -1 -1 -1 
1848 0 66 76 1417 720 501 -1 -1 -1 -1 
1848 0 70 136 1100 152 386 -1 -1 -1 -1 
1849 0 43 666 771 216 875 -1 -1 -1 -1 
1849 0 55 94 663 758 1254 -1 -1 -1 -1 
1849 0 70 149 899 150 589 -1 -1 -1 -1 
1850 0 43 684 772 200 1024 -1 -1 -1 -1 
1850 0 55 134 668 714 1251 -1 -1 -1 -1 
1850 0 70 154 892 160 628 -1 -1 -1 -1 
1850 0 76 1039 1165 40 240 -1 -1 -1 -1 
1851 0 43 683 772 188 1034 -1 -1 -1 -1 
1851 0 55 251 694 615 1225 -1 -1 -1 -1 
1851 0 70 163 914 164 623 -1 -1 -1 -1 
1852 0 55 302 723 606 1196 -1 -1 -1 -1 
1852 0 70 172 946 175 632 -1 -1 -1 -1 
1853 0 55 297 739 631 1180 -1 -1 -1 -1 
1853 0 70 177 959 186 658 -1 -1 -1 -1 
1854 0 55 298 764 661 1153 -1 -1 -1 -1 
1854 0 70 179 991 218 674 -1 -1 -1 -1 
1855 0 55 312 806 694 1111 -1 -1 -1 -1 
1855 0 70 208 1040 219 679 -1 -1 -1 -1 
1856 0 55 323 847 651 1071 -1 -1 -1 -1 
1856 0 70 217 1097 237 693 -1 -1 -1 -1 
1857 0 55 328 889 738 1029 -1 -1 -1 -1 
1857 0 70 245 1131 250 745 -1 -1 -1 -1 
1858 0 55 349 933 725 985 -1 -1 -1 -1 
1858 0 70 276 1183 262 735 -1 -1 -1 -1 
1859 0 55 363 974 707 943 -1 -1 -1 -1 
1859 0 70 301 1228 278 689 -1 -1 -1 -1 
1860 0 55 378 1020 692 897 -1 -1 -1 -1 
1860 0 70 319 1269 289 649 -1 -1 -1 -1 
1861 0 55 425 1053 648 864 -1 -1 -1 -1 
1861 0 70 367 1303 284 615 -1 -1 -1 -1 
1862 0 55 471 1066 604 847 -1 -1 -1 -1 
1862 0 70 420 1313 283 604 -1 -1 -1 -1 
1863 0 55 509 1072 569 844 -1 -1 -1 -1 
1863 0 70 471 1322 279 595 -1 -1 -1 -1 
1864 0 55 534 1077 543 838 -1 -1 -1 -1 
1864 0 70 488 1319 292 600 -1 -1 -1 -1 
1865 0 55 566 1079 511 831 -1 -1 -1 -1 
1865 0 70 517 1331 296 586 -1 -1 -1 -1 
1866 0 55 597 1082 480 781 -1 -1 -1 -1 
1866 0 70 544 1328 293 589 -1 -1 -1 -1 
1867 0 55 657 1080 421 726 -1 -1 -1 -1 
1867 0 70 562 1324 301 595 -1 -1 -1 -1 
1868 0 55 727 1077 352 746 -1 -1 -1 -1 
1868 0 70 584 1324 304 595 -1 -1 -1 -1 
1869 0 55 811 1088 268 771 -1 -1 -1 -1 
1869 0 70 607 1324 303 594 -1 -1 -1 -1 
1870 0 55 893 1087 184 732 -1 -1 -1 -1 
1870 0 70 633 1316 298 601 -1 -1 -1 -1 
1871 0 55 911 1253 168 645 -1 -1 -1 -1 
1871 0 70 651 1318 306 601 -1 -1 -1 -1 
1872 0 55 945 1282 134 618 -1 -1 -1 -1 
1873 0 70 695 1293 304 626 -1 -1 -1 -1 
1874 0 70 721 1315 295 603 -1 -1 -1 -1 
1875 0 70 732 1298 258 619 -1 -1 -1 -1 
1876 0 70 752 1294 256 623 -1 -1 -1 -1 
1877 0 70 766 1276 278 643 -1 -1 -1 -1 
1878 0 70 776 1270 299 648 -1 -1 -1 -1 
1878 0 83 0 805 151 556 -1 -1 -1 -1 
1879 0 70 770 1255 298 664 -1 -1 -1 -1 
1879 0 83 0 777 155 574 -1 -1 -1 -1 
1880 0 70 759 1289 257 630 -1 -1 -1 -1 
1880 0 83 5 743 141 640 -1 -1 -1 -1 
1881 0 70 770 1251 240 665 -1 -1 -1 -1 
1881 0 83 10 717 124 620 -1 -1 -1 -1 
1882 0 70 745 1274 224 645 -1 -1 -1 -1 
1882 0 83 27 673 88 792 -1 -1 -1 -1 
1883 0 70 675 1241 236 678 -1 -1 -1 -1 
1883 0 83 29 647 87 832 -1 -1 -1 -1 
1884 0 70 695 1259 199 660 -1 -1 -1 -1 
1885 0 70 653 1239 211 680 -1 -1 -1 -1 
1885 0 87 903 1258 176 659 -1 -1 -1 -1 
1886 0 70 640 1246 199 673 -1 -1 -1 -1 
1886 0 87 871 1256 208 661 -1 -1 -1 -1 
1887 0 70 607 1247 202 672 -1 -1 -1 -1 
1887 0 87 837 1256 234 663 -1 -1 -1 -1 
1888 0 70 598 1245 198 674 -1 -1 -1 -1 
1889 0 70 507 1269 258 649 -1 -1 -1 -1 
1889 0 87 776 1267 266 652 -1 -1 -1 -1 
1890 0 70 488 1269 261 650 -1 -1 -1 -1 
1891 0 70 521 1251 211 666 -1 -1 -1 -1 
1891 0 87 736 1262 257 655 -1 -1 -1 -1 
1892 0 70 510 1240 205 677 -1 -1 -1 -1 
1892 0 87 702 1255 261 664 -1 -1 -1 -1 
1893 0 70 492 1238 217 681 -1 -1 -1 -1 
1893 0 87 679 1246 273 671 -1 -1 -1 -1 
1894 0 70 478 1222 218 695 -1 -1 -1 -1 
1894 0 87 682 1245 239 673 -1 -1 -1 -1 
