3 0 1 622 616 413 1246 -1 -1 -1 -1 
4 0 1 624 624 406 1273 -1 -1 -1 -1 
5 0 1 626 624 421 1278 -1 -1 -1 -1 
6 0 1 621 623 458 1291 -1 -1 -1 -1 
7 0 1 617 627 462 1275 -1 -1 -1 -1 
8 0 1 617 639 462 1277 -1 -1 -1 -1 
9 0 1 619 628 460 1197 -1 -1 -1 -1 
10 0 1 628 631 450 1283 -1 -1 -1 -1 
11 0 1 739 627 334 1290 -1 -1 -1 -1 
12 0 1 619 626 460 1273 -1 -1 -1 -1 
13 0 1 807 624 263 1197 -1 -1 -1 -1 
14 0 1 829 625 249 1201 -1 -1 -1 -1 
15 0 1 835 621 244 1156 -1 -1 -1 -1 
15 0 3 609 797 205 545 -1 -1 -1 -1 
16 0 1 838 617 241 1093 -1 -1 -1 -1 
16 0 3 606 774 212 560 -1 -1 -1 -1 
17 0 1 836 613 243 520 -1 -1 -1 -1 
17 0 3 598 775 219 561 -1 -1 -1 -1 
18 0 1 878 615 201 386 -1 -1 -1 -1 
18 0 3 598 784 218 544 -1 -1 -1 -1 
19 0 1 913 619 155 276 -1 -1 -1 -1 
20 0 3 594 808 219 518 -1 -1 -1 -1 
21 0 3 593 809 224 507 -1 -1 -1 -1 
22 0 3 596 808 223 513 -1 -1 -1 -1 
23 0 3 593 804 227 519 -1 -1 -1 -1 
24 0 3 592 811 228 506 -1 -1 -1 -1 
25 0 3 592 809 226 500 -1 -1 -1 -1 
26 0 3 591 807 227 485 -1 -1 -1 -1 
27 0 3 593 807 223 473 -1 -1 -1 -1 
28 0 3 591 806 223 467 -1 -1 -1 -1 
29 0 3 583 800 230 463 -1 -1 -1 -1 
30 0 3 565 805 250 456 -1 -1 -1 -1 
31 0 3 560 798 257 451 -1 -1 -1 -1 
32 0 3 549 799 271 437 -1 -1 -1 -1 
33 0 3 602 800 220 416 -1 -1 -1 -1 
34 0 3 581 803 243 406 -1 -1 -1 -1 
35 0 3 607 807 217 396 -1 -1 -1 -1 
36 0 3 610 806 214 386 -1 -1 -1 -1 
37 0 3 606 808 216 375 -1 -1 -1 -1 
38 0 3 594 812 226 365 -1 -1 -1 -1 
39 0 3 589 815 229 357 -1 -1 -1 -1 
40 0 3 583 819 230 352 -1 -1 -1 -1 
41 0 3 574 815 236 358 -1 -1 -1 -1 
42 0 3 563 825 243 350 -1 -1 -1 -1 
43 0 3 561 830 240 343 -1 -1 -1 -1 
44 0 3 557 835 243 331 -1 -1 -1 -1 
45 0 3 548 830 253 353 -1 -1 -1 -1 
46 0 3 543 834 252 350 -1 -1 -1 -1 
47 0 3 542 832 253 347 -1 -1 -1 -1 
48 0 3 537 832 257 351 -1 -1 -1 -1 
49 0 3 532 837 262 345 -1 -1 -1 -1 
50 0 3 528 837 261 346 -1 -1 -1 -1 
51 0 3 525 838 263 346 -1 -1 -1 -1 
52 0 3 523 839 265 345 -1 -1 -1 -1 
53 0 3 522 841 265 341 -1 -1 -1 -1 
54 0 3 522 839 267 341 -1 -1 -1 -1 
55 0 3 521 838 270 343 -1 -1 -1 -1 
56 0 3 517 840 278 341 -1 -1 -1 -1 
57 0 3 518 838 271 341 -1 -1 -1 -1 
58 0 3 518 839 274 335 -1 -1 -1 -1 
59 0 3 519 839 270 334 -1 -1 -1 -1 
60 0 3 514 832 270 345 -1 -1 -1 -1 
61 0 3 506 841 280 344 -1 -1 -1 -1 
